コード,銘柄名,市場,始値,高値,安値,終値,出来高,売買代金
1301-T,極洋,東証1部,196.00,197.00,195.00,196.00,147000,28816000
1305-T,ETFTPX,東証,942.00,950.00,942.00,943.00,32900,31071700
1306-T,TOPIX投,東証,941.00,946.00,936.00,938.00,949380,892958850
1308-T,上場TPX,東証,903.00,906.00,897.00,897.00,65600,59210400
1309-O,上証50連,大証,32450.00,32600.00,32000.00,32150.00,9787,317441750
1310-T,ETF･コア30,東証,530.00,531.00,529.00,529.00,2700,1432900
1311-T,TOPIX30,東証,535.00,535.00,530.00,530.00,2040,1090150
1312-O,RN小型コア,大証,9430.00,9430.00,9430.00,9430.00,126,1188180
1313-T,KODEX200,東証,1397.00,1400.00,1397.00,1400.00,90,125840
1314-T,上場新興,東証,599.00,604.00,599.00,604.00,3700,2220400
1316-T,上場大型,東証,640.00,640.00,640.00,640.00,300,192000
1317-T,上場中型,東証,965.00,965.00,965.00,965.00,50,48250
1318-T,上場小型,東証,973.00,973.00,972.00,972.00,400,388900
1319-T,300投信,東証,162.00,162.00,161.00,161.00,2000,323000
1319-O,300投信,大証,,,,,0,0
1319-S,300投信,札証,,,,,0,0
1319-F,300投信,福証,,,,,0,0
1320-O,ETF225,大証,9980.00,10020.00,9900.00,9910.00,122770,1219263600
1321-O,225投信,大証,9780.00,9810.00,9690.00,9710.00,193919,1891031900
1322-T,上場パンタ,東証,4070.00,4070.00,4050.00,4050.00,8990,36527800
1323-O,南ア40,大証,265.00,266.00,264.00,266.00,10400,2753500
1324-O,RTS連動,大証,111.00,111.00,109.00,110.00,160000,17704500
1325-T,ボベスパ,東証,265.00,266.00,261.00,261.00,76800,20272700
1326-T,SPDRゴール,東証,8780.00,8780.00,8720.00,8720.00,8158,71356710
1327-T,EASY商品,東証,3800.00,3810.00,3800.00,3810.00,3025,11510200
1328-O,金連動,大証,2715.00,2715.00,2695.00,2700.00,48460,130962350
1329-T,iS225,東証,9820.00,9890.00,9800.00,9800.00,1020,10010100
1330-T,上場225,東証,9850.00,9880.00,9750.00,9770.00,107290,1053231400
1332-T,日水,東証1部,250.00,251.00,246.00,246.00,991900,245806200
1332-O,日水,大証1部,,,,,0,0
1334-T,マルハニチロHD,東証1部,143.00,143.00,140.00,141.00,540000,76611000
1340-O,印ルピー,大証,208.00,209.00,206.00,208.00,2600,541000
1341-O,伯レアル,大証,5100.00,5100.00,5100.00,5100.00,20,102000
1342-O,露ルーブル,大証,317.00,317.00,316.00,316.00,200,63300
1343-T,REIT-ETF,東証,1046.00,1049.00,1035.00,1036.00,24240,25312870
1344-T,MXSコア30,東証,526.00,530.00,526.00,530.00,60,31760
1345-T,上場Jリート,東証,1030.00,1032.00,1022.00,1022.00,9900,10174100
1346-O,MXS225,大証,9830.00,9860.00,9750.00,9750.00,222,2184590
1347-T,上場グリチ,東証,3200.00,3200.00,3170.00,3190.00,390,1237700
1348-T,MXSトピクス,東証,924.00,924.00,910.00,910.00,2490,2274780
1349-T,アジア債券,東証,11990.00,12100.00,11700.00,11700.00,102,1219870
1352-T,ホウスイ,東証1部,148.00,148.00,146.00,147.00,79000,11586000
1376-J,カネコ種,JQ,814.00,820.00,814.00,816.00,2900,2373000
1377-T,サカタのタネ,東証1部,1294.00,1298.00,1285.00,1291.00,20300,26236400
1378-T,雪国マイタケ,東証2部,375.00,375.00,370.00,370.00,4000,1495100
1379-T,ホクト,東証1部,1936.00,1947.00,1933.00,1933.00,32100,62316700
1380-J,秋川牧園,JQ,,,,,0,0
1381-J,アクシーズ,JQ,800.00,800.00,800.00,800.00,200,160000
1382-J,ホーブ,JQ,,,,,0,0
1400-H,ルーデン,HCグロース,6990.00,6990.00,6650.00,6700.00,65,448420
1401-F,エムビーエス,福証Q-Board,,,,,0,0
1405-T,サーラ住宅,東証2部,358.00,358.00,358.00,358.00,100,35800
1407-J,ウエストHD,JQ,449.00,449.00,408.00,411.00,77000,33185100
1408-H,サムシングHD,HCグロース,,,,,0,0
1412-T,チャイナボーチ,東証1部外国,29850.00,31150.00,29850.00,31150.00,112,3424100
1414-T,ショーボンド,東証1部,1830.00,1830.00,1810.00,1817.00,37600,68404100
1491-T,中外鉱,東証2部,40.00,41.00,40.00,41.00,80100,3217800
1491-O,中外鉱,大証2部,,,,,0,0
1514-T,住石HD,東証1部,107.00,108.00,107.00,107.00,45100,4844700
1515-T,日鉄鉱,東証1部,402.00,403.00,393.00,396.00,63000,25164000
1518-T,三井松,東証1部,134.00,136.00,133.00,133.00,544000,73096000
1518-F,三井松,福証,,,,,0,0
1605-T,国際帝石,東証1部,725000.00,726000.00,713000.00,714000.00,4449,3196983000
1610-T,ETF･電機,東証,1202.00,1202.00,1202.00,1202.00,100,120200
1612-T,ETF･銀行,東証,169.00,170.00,166.00,166.00,15000,2503000
1613-T,電機,東証,1185.00,1186.00,1185.00,1185.00,1020,1208710
1615-T,銀行,東証,176.00,177.00,175.00,175.00,221800,39042000
1617-T,食品,東証,13150.00,13290.00,13150.00,13290.00,103,1354730
1618-T,エネ資源,東証,14270.00,14270.00,14060.00,14060.00,455,6451010
1619-T,建設資材,東証,12340.00,12410.00,12300.00,12300.00,6,74060
1620-T,素材化学,東証,11430.00,11430.00,11430.00,11430.00,3,34290
1621-T,医薬品,東証,10700.00,10810.00,10660.00,10800.00,1499,16039380
1622-T,自動車,東証,11890.00,12050.00,11840.00,11840.00,152,1812990
1623-T,鉄鋼非鉄,東証,23380.00,23380.00,23050.00,23050.00,32,747000
1624-T,機械,東証,16520.00,16650.00,16400.00,16400.00,11,181270
1625-T,電機精密,東証,9400.00,9480.00,9350.00,9350.00,30,283670
1626-T,情通サ他,東証,8960.00,8960.00,8960.00,8960.00,1,8960
1627-T,電力ガス,東証,11530.00,11710.00,11510.00,11700.00,169,1958090
1628-T,運輸物流,東証,,,,,0,0
1629-T,商社卸売,東証,18530.00,18580.00,18340.00,18340.00,144,2666180
1630-T,小売,東証,9000.00,9000.00,9000.00,9000.00,4,36000
1631-T,銀行・17,東証,10980.00,11060.00,10960.00,11010.00,146,1604110
1632-T,金融,東証,9360.00,9480.00,9360.00,9480.00,7,65640
1633-T,不動産,東証,18380.00,18730.00,18380.00,18460.00,65,1202390
1634-T,ダイワ食品,東証,,,,,0,0
1635-T,ダイワエネ,東証,13960.00,13960.00,13950.00,13950.00,7,97700
1636-T,ダイワ建設,東証,,,,,0,0
1637-T,ダイワ素材,東証,,,,,0,0
1638-T,ダイワ医薬,東証,10370.00,10600.00,10370.00,10600.00,11,115070
1639-T,ダイワ自動,東証,11600.00,11650.00,11600.00,11650.00,7,81300
1640-T,ダイワ鉄鋼,東証,22880.00,22880.00,22880.00,22880.00,1,22880
1641-T,ダイワ機械,東証,,,,,0,0
1642-T,ダイワ電機,東証,,,,,0,0
1643-T,ダイワ情報,東証,,,,,0,0
1644-T,ダイワ電力,東証,,,,,0,0
1645-T,ダイワ運輸,東証,,,,,0,0
1646-T,ダイワ商社,東証,,,,,0,0
1647-T,ダイワ小売,東証,,,,,0,0
1648-T,ダイワ銀行,東証,10430.00,10980.00,10430.00,10980.00,29,310170
1649-T,ダイワ金融,東証,,,,,0,0
1650-T,ダイワ不動,東証,,,,,0,0
1661-T,ガス開,東証1部,554.00,565.00,548.00,555.00,58000,32227000
1662-T,石油資源,東証1部,5030.00,5040.00,4960.00,4970.00,78500,392493000
1701-T,昭和KDE,東証2部,113.00,113.00,111.00,112.00,20000,2248000
1711-T,省電舎,東証マザーズ,192200.00,200000.00,192200.00,200000.00,6,1189400
1712-T,ダイセキソリュ,東証1部,182000.00,184500.00,180900.00,181000.00,48,8723100
1716-J,第一カッター,JQ,719.00,720.00,719.00,720.00,900,647300
1717-J,明豊ファシリ,JQ,115.00,116.00,112.00,115.00,23800,2733500
1718-J,美樹工業,JQ,171.00,171.00,171.00,171.00,2000,342000
1719-T,ハザマ,東証1部,117.00,119.00,116.00,117.00,60400,7078500
1720-T,東急建設,東証1部,289.00,290.00,285.00,286.00,24170,6964230
1721-T,コムシスHD,東証1部,1012.00,1030.00,1010.00,1013.00,201000,204347300
1721-O,コムシスHD,大証1部,,,,,0,0
1722-T,MISAWA,東証1部,430.00,439.00,428.00,435.00,49200,21354900
1722-O,MISAWA,大証1部,,,,,0,0
1723-J,日本電技,JQ,698.00,700.00,698.00,700.00,2100,1466000
1724-J,シンクレイヤ,JQ,,,,,0,0
1726-T,BRHD,東証2部,191.00,191.00,175.00,175.00,5000,909000
1728-J,ミサワ中国,JQ,280.00,280.00,280.00,280.00,1000,280000
1730-J,麻生フオーム,JQ,121.00,121.00,121.00,121.00,3000,363000
1734-S,北弘電社,札証,145.00,145.00,145.00,145.00,1000,145000
1736-J,オーテック,JQ,,,,,0,0
1737-T,三井エンジ,東証2部,440.00,440.00,440.00,440.00,2000,880000
1739-H,SEED,HCグロース,34700.00,34700.00,33900.00,33900.00,4,137200
1742-T,セコムテクノ,東証2部,2500.00,2500.00,2500.00,2500.00,4500,11250000
1743-O,コーアツ工業,大証2部,,,,,0,0
1743-F,コーアツ工業,福証,,,,,0,0
1750-O,カナック,大証2部,,,,,0,0
1751-J,日立プラサ,JQ,,,,,0,0
1756-J,和興エンジ,JQ,,,,,0,0
1757-O,東邦グロ,大証2部,12.00,12.00,11.00,12.00,1924690,22870650
1758-J,太洋基礎,JQ,,,,,0,0
1761-S,ミサワ北海,札証,,,,,0,0
1762-T,高松G,東証1部,1458.00,1458.00,1438.00,1441.00,3400,4915900
1762-O,高松G,大証1部,,,,,0,0
1763-J,北陸ミサワ,JQ,292.00,292.00,292.00,292.00,1000,292000
1764-T,工藤建設,東証2部,121.00,121.00,121.00,121.00,1000,121000
1766-T,東建コーポ,東証1部,3000.00,3050.00,2990.00,3000.00,15010,45250100
1767-T,沖ウィンテック,東証2部,,,,,0,0
1768-O,ソネック,大証2部,,,,,0,0
1770-J,藤田エンジ,JQ,,,,,0,0
1771-F,日本乾溜,福証,,,,,0,0
1773-T,YTL,東証1部外国,183.00,183.00,164.00,164.00,42000,7053000
1775-T,富士E&C,東証2部,176.00,177.00,176.00,177.00,5000,884000
1776-T,三住道路,東証2部,94.00,94.00,93.00,93.00,3000,280000
1778-T,古河総設,東証2部,163.00,163.00,163.00,163.00,5000,815000
1780-T,ヤマウラ,東証1部,187.00,190.00,187.00,189.00,2500,472000
1782-J,常磐開発,JQ,,,,,0,0
1783-J,ACHL,JQ,57.00,57.00,55.00,56.00,75200,4223200
1787-J,ナカボーテック,JQ,,,,,0,0
1788-J,三東工業,JQ,75.00,76.00,75.00,76.00,2000,151000
1789-J,山加電業,JQ,120.00,120.00,118.00,118.00,900,107100
1793-J,大本組,JQ,341.00,341.00,338.00,338.00,4000,1358000
1795-J,マサル,JQ,260.00,260.00,260.00,260.00,4000,1040000
1798-J,守谷商会,JQ,146.00,146.00,131.00,131.00,5000,670000
1799-J,第一建設,JQ,720.00,720.00,720.00,720.00,2600,1872000
1801-T,大成建,東証1部,223.00,223.00,218.00,220.00,1632000,360383000
1801-O,大成建,大証1部,,,,,0,0
1802-T,大林組,東証1部,439.00,442.00,435.00,435.00,1339000,586376000
1802-O,大林組,大証1部,,,,,0,0
1802-F,大林組,福証,,,,,0,0
1803-T,清水建,東証1部,393.00,394.00,389.00,389.00,1995000,781511000
1803-O,清水建,大証1部,,,,,0,0
1805-T,飛島建,東証1部,50.00,50.00,48.00,49.00,5351500,262779000
1807-J,佐藤渡辺,JQ,112.00,112.00,105.00,106.00,181000,19799000
1808-T,長谷工,東証1部,101.00,102.00,99.00,99.00,6868500,689125000
1808-O,長谷工,大証1部,,,,,0,0
1810-T,松井建,東証1部,377.00,377.00,374.00,374.00,8000,3013000
1811-O,銭高組,大証1部,170.00,170.00,168.00,168.00,8000,1355000
1812-T,鹿島,東証1部,286.00,287.00,277.00,277.00,2148000,603420000
1812-O,鹿島,大証1部,,,,,0,0
1813-T,不動テトラ,東証1部,83.00,84.00,83.00,83.00,332700,27660000
1813-O,不動テトラ,大証1部,,,,,0,0
1814-T,大末建,東証1部,54.00,55.00,53.00,55.00,216000,11677000
1814-O,大末建,大証1部,,,,,0,0
1815-T,鉄建,東証1部,103.00,104.00,102.00,102.00,127000,13110000
1816-T,安藤建,東証1部,145.00,148.00,145.00,148.00,12000,1761000
1819-T,太平工,東証1部,302.00,302.00,298.00,298.00,96000,28817000
1820-T,西松建,東証1部,155.00,155.00,151.00,151.00,735000,112713000
1821-T,三住建設,東証1部,112.00,112.00,108.00,109.00,243600,26731300
1822-T,大豊建,東証1部,119.00,119.00,115.00,115.00,323000,37755000
1824-T,前田建,東証1部,349.00,349.00,335.00,335.00,447000,153912000
1826-T,佐田建,東証1部,60.00,61.00,60.00,60.00,55000,3306000
1827-T,ナカノフドー,東証1部,189.00,189.00,182.00,183.00,58500,10825500
1827-O,ナカノフドー,大証1部,,,,,0,0
1828-T,田辺工,東証2部,735.00,735.00,727.00,727.00,1900,1389600
1832-S,北海工,札証,,,,,0,0
1833-T,奥村組,東証1部,373.00,373.00,365.00,368.00,98000,36152000
1833-O,奥村組,大証1部,,,,,0,0
1834-T,大和小田,東証1部,215.00,215.00,215.00,215.00,500,107500
1835-T,東鉄工,東証1部,594.00,594.00,583.00,587.00,5000,2947000
1840-T,土屋HD,東証2部,102.00,103.00,99.00,101.00,21800,2199300
1840-S,土屋HD,札証,,,,,0,0
1841-J,サンユ建,JQ,603.00,605.00,599.00,599.00,1400,844900
1844-T,大盛工業,東証2部,21.00,22.00,21.00,22.00,99600,2126600
1846-T,鈴縫工,東証2部,115.00,115.00,105.00,110.00,15000,1710000
1847-T,イチケン,東証1部,123.00,124.00,123.00,124.00,6000,739000
1848-O,富士P･S,大証2部,108.00,108.00,108.00,108.00,9000,972000
1848-F,富士P･S,福証,,,,,0,0
1850-O,南海辰村,大証2部,36.00,37.00,36.00,37.00,323000,11823000
1852-T,浅沼組,東証1部,98.00,99.00,98.00,98.00,112000,11013000
1852-O,浅沼組,大証1部,,,,,0,0
1853-O,森組,大証2部,58.00,71.00,58.00,65.00,569000,37319000
1860-T,戸田建,東証1部,367.00,369.00,364.00,365.00,227000,83189000
1860-O,戸田建,大証1部,,,,,0,0
1861-T,熊谷組,東証1部,89.00,90.00,88.00,89.00,1106000,98738000
1865-T,青木あす,東証1部,480.00,480.00,479.00,479.00,2000,959500
1866-T,北野建,東証1部,232.00,232.00,225.00,226.00,248000,57411000
1867-T,植木組,東証1部,154.00,155.00,154.00,154.00,9000,1393000
1868-T,三井ホーム,東証1部,577.00,577.00,562.00,563.00,22000,12598000
1870-T,矢作建,東証1部,601.00,605.00,600.00,601.00,32000,19263000
1871-T,PS三菱,東証1部,436.00,442.00,435.00,438.00,14600,6397600
1873-J,東ハウス,JQ,121.00,121.00,121.00,121.00,7000,847000
1875-O,青木マ,大証2部,258.00,258.00,258.00,258.00,3000,774000
1878-T,大東建,東証1部,4410.00,4420.00,4350.00,4350.00,121600,533771000
1879-T,新日建,東証1部,163.00,164.00,163.00,163.00,51700,8440200
1881-T,NIPPO,東証1部,880.00,880.00,862.00,864.00,76000,66002000
1881-S,NIPPO,札証,,,,,0,0
1882-T,東亜道,東証1部,203.00,203.00,193.00,195.00,273000,54177000
1883-T,前田道,東証1部,939.00,946.00,928.00,928.00,85000,79620000
1884-T,日道路,東証1部,271.00,272.00,267.00,267.00,83000,22343000
1885-T,東亜建,東証1部,137.00,137.00,134.00,135.00,82000,11135000
1885-S,東亜建,札証,,,,,0,0
1888-T,若築建,東証1部,77.00,78.00,75.00,75.00,176000,13490000
1890-T,東洋建,東証1部,63.00,63.00,61.00,61.00,973000,60259000
1890-O,東洋建,大証1部,63.00,63.00,63.00,63.00,7000,441000
1893-T,五洋建,東証1部,136.00,138.00,135.00,135.00,473500,64419000
1893-O,五洋建,大証1部,,,,,0,0
1895-T,大成ロテク,東証1部,152.00,153.00,151.00,151.00,23000,3497000
1896-T,大林道,東証1部,204.00,208.00,204.00,208.00,28000,5791000
1897-O,金下建,大証2部,302.00,307.00,301.00,301.00,19000,5765000
1898-T,世紀東,東証1部,68.00,68.00,66.00,66.00,146000,9718000
1899-T,福田組,東証1部,178.00,179.00,173.00,173.00,44000,7797000
1904-J,大成温,JQ,,,,,0,0
1905-J,テノックス,JQ,,,,,0,0
1906-J,細田工,JQ,146.00,148.00,145.00,145.00,2600,381700
1907-T,東北ミサワ,東証1部,249.00,269.00,238.00,250.00,286800,73453900
1911-T,住友林,東証1部,786.00,800.00,786.00,800.00,3500,2759400
1911-O,住友林,大証1部,786.00,801.00,780.00,786.00,111500,87984900
1914-T,日基礎,東証1部,256.00,257.00,253.00,253.00,7000,1787300
1914-O,日基礎,大証1部,,,,,0,0
1916-T,日ビルド,東証1部,80.00,81.00,79.00,80.00,72000,5769000
1919-T,エスバイエル,東証1部,61.00,62.00,61.00,62.00,149000,9178000
1921-T,巴コーポ,東証1部,266.00,268.00,263.00,264.00,39500,10473300
1921-S,巴コーポ,札証,,,,,0,0
1924-T,パナホーム,東証1部,573.00,573.00,563.00,564.00,42000,23939000
1924-O,パナホーム,大証1部,,,,,0,0
1925-T,大和ハウス,東証1部,972.00,978.00,961.00,964.00,758000,735061000
1925-O,大和ハウス,大証1部,,,,,0,0
1926-T,ライト工,東証1部,251.00,251.00,247.00,249.00,36000,8956800
1928-T,積水ハウス,東証1部,941.00,946.00,929.00,930.00,559000,523681000
1928-O,積水ハウス,大証1部,,,,,0,0
1929-T,日特建,東証1部,75.00,75.00,72.00,72.00,139000,10195000
1930-T,北電事,東証1部,300.00,302.00,297.00,297.00,35000,10493000
1931-O,日本電通,大証2部,,,,,0,0
1932-T,コミューチュア,東証1部,606.00,606.00,591.00,597.00,13000,7756000
1932-O,コミューチュア,大証1部,,,,,0,0
1933-O,西シス建,大証2部,365.00,372.00,365.00,365.00,11000,4022000
1933-F,西シス建,福証,,,,,0,0
1934-T,ユアテック,東証1部,550.00,554.00,549.00,550.00,13000,7164000
1935-T,TTK,東証2部,373.00,378.00,373.00,378.00,3000,1124000
1937-T,西電工,東証1部,458.00,458.00,457.00,457.00,2000,915000
1937-O,西電工,大証1部,,,,,0,0
1937-F,西電工,福証,,,,,0,0
1938-T,日リーテック,東証2部,404.00,408.00,395.00,401.00,86000,34615000
1939-T,四電工,東証1部,475.00,475.00,474.00,474.00,10000,4746000
1940-T,ツウケン,東証2部,241.00,241.00,240.00,240.00,2000,481000
1940-S,ツウケン,札証,,,,,0,0
1941-T,中電工,東証1部,1571.00,1571.00,1560.00,1563.00,8800,13771300
1942-T,関電工,東証1部,699.00,711.00,698.00,704.00,252000,177880000
1943-T,大明,東証1部,920.00,920.00,906.00,910.00,32700,29905900
1944-T,きんでん,東証1部,848.00,848.00,825.00,825.00,151000,127913000
1944-O,きんでん,大証1部,837.00,837.00,817.00,818.00,719000,594698000
1945-T,東京エネシス,東証1部,800.00,804.00,796.00,798.00,19000,15205000
1946-T,トーエネク,東証1部,501.00,502.00,497.00,502.00,13000,6493000
1948-T,弘電社,東証2部,183.00,183.00,176.00,176.00,4000,715000
1949-T,住電設,東証1部,479.00,481.00,475.00,476.00,14700,7030400
1949-O,住電設,大証1部,,,,,0,0
1950-T,日本電設,東証1部,985.00,985.00,973.00,973.00,25000,24526000
1951-T,協エクシオ,東証1部,942.00,942.00,925.00,931.00,69500,64873900
1952-T,日空調,東証1部,711.00,717.00,710.00,710.00,4100,2923000
1954-T,日工営,東証1部,325.00,325.00,304.00,311.00,158000,50142000
1955-T,東電通,東証1部,180.00,181.00,179.00,179.00,14000,2518000
1956-T,日電設,東証1部,278.00,278.00,277.00,277.00,6000,1666000
1959-T,九電工,東証1部,668.00,668.00,656.00,662.00,18000,11900000
1959-F,九電工,福証,,,,,0,0
1960-T,サンテック,東証2部,362.00,367.00,362.00,367.00,2000,729000
1961-T,三機工,東証1部,735.00,739.00,724.00,724.00,43000,31399000
1961-O,三機工,大証1部,,,,,0,0
1963-T,日揮,東証1部,1490.00,1492.00,1453.00,1456.00,492000,724168000
1964-T,中外炉,東証1部,287.00,293.00,286.00,288.00,531000,154497000
1964-O,中外炉,大証1部,,,,,0,0
1965-T,テクノ菱和,東証2部,541.00,545.00,540.00,541.00,3400,1844400
1966-O,高田工,大証2部,512.00,512.00,512.00,512.00,2000,1024000
1966-F,高田工,福証,,,,,0,0
1967-T,ヤマト,東証1部,335.00,337.00,335.00,337.00,6000,2013000
1968-T,太平電,東証1部,950.00,960.00,939.00,941.00,48000,45335000
1968-O,太平電,大証1部,,,,,0,0
1969-T,高砂熱,東証1部,842.00,842.00,825.00,828.00,38000,31624000
1969-O,高砂熱,大証1部,,,,,0,0
1970-T,日立プラ,東証1部,470.00,470.00,457.00,457.00,108000,50444000
1970-O,日立プラ,大証1部,,,,,0,0
1971-T,ビルト工,東証2部,81.00,82.00,81.00,82.00,25000,2035000
1972-T,三晃金,東証1部,372.00,378.00,364.00,365.00,295000,109515000
1972-O,三晃金,大証1部,,,,,0,0
1973-T,NECネSI,東証1部,1173.00,1182.00,1168.00,1176.00,29300,34420400
1975-T,朝日工,東証1部,374.00,374.00,372.00,374.00,5000,1868000
1975-O,朝日工,大証1部,,,,,0,0
1976-O,明星工,大証1部,250.00,251.00,250.00,250.00,10000,2506000
1978-T,アタカ大機,東証1部,242.00,248.00,242.00,245.00,17000,4171000
1978-O,アタカ大機,大証1部,,,,,0,0
1979-T,大気社,東証1部,1100.00,1120.00,1061.00,1065.00,90000,96755600
1980-T,ダイダン,東証1部,,,,,0,0
1980-O,ダイダン,大証1部,480.00,480.00,478.00,479.00,3000,1437000
1981-J,協和日成,JQ,345.00,345.00,345.00,345.00,10000,3450000
1982-T,日比谷,東証1部,878.00,878.00,850.00,850.00,15400,13272200
1983-T,東芝プラ,東証1部,1132.00,1137.00,1096.00,1100.00,112000,125144000
1984-J,三信建,JQ,126.00,126.00,126.00,126.00,1000,126000
1985-J,大和電,JQ,195.00,195.00,195.00,195.00,1000,195000
1986-J,日商インタ,JQ,82.00,82.00,77.00,77.00,27300,2141100
1987-T,ソルコム,東証2部,310.00,310.00,310.00,310.00,1000,310000
1989-O,北電話,大証2部,,,,,0,0
1990-J,東邦建,JQ,,,,,0,0
1992-J,神通機,JQ,,,,,0,0
1994-J,高橋ウォル,JQ,222.00,222.00,222.00,222.00,2000,444000
1995-J,AS-SZKi,JQ,59.00,59.00,58.00,58.00,13000,755000
1997-J,暁飯島,JQ,89.00,93.00,85.00,87.00,83000,7299000
1999-F,サイタHD,福証,,,,,0,0
2001-T,日本粉,東証1部,450.00,450.00,444.00,444.00,24000,10738000
2001-O,日本粉,大証1部,,,,,0,0
2001-S,日本粉,札証,,,,,0,0
2002-T,日清粉G,東証1部,1078.00,1088.00,1074.00,1080.00,137000,148103000
2002-O,日清粉G,大証1部,,,,,0,0
2003-T,日東富士,東証1部,298.00,298.00,297.00,297.00,3000,893000
2004-T,昭和産,東証1部,278.00,279.00,277.00,277.00,17000,4729000
2004-O,昭和産,大証1部,,,,,0,0
2006-T,東福粉,東証2部,73.00,73.00,73.00,73.00,5000,365000
2006-F,東福粉,福証,,,,,0,0
2008-O,増田粉,大証2部,224.00,224.00,224.00,224.00,1000,224000
2009-T,鳥越粉,東証1部,721.00,724.00,719.00,721.00,1700,1226400
2009-F,鳥越粉,福証,,,,,0,0
2051-T,農産工,東証1部,248.00,248.00,241.00,242.00,120000,29397000
2051-O,農産工,大証1部,,,,,0,0
2052-T,協同飼,東証1部,126.00,126.00,124.00,124.00,42000,5257000
2053-T,中部飼,東証1部,703.00,710.00,703.00,710.00,14000,9907000
2055-O,日和産,大証2部,231.00,231.00,228.00,228.00,10000,2305000
2056-T,日配飼,東証1部,116.00,117.00,116.00,116.00,128000,14916000
2058-F,ヒガシマル,福証,,,,,0,0
2059-T,ユニチャペット,東証1部,2825.00,2870.00,2825.00,2860.00,23500,66965000
2107-T,東洋糖,東証1部,125.00,126.00,121.00,121.00,110000,13635000
2108-T,甜菜糖,東証1部,237.00,237.00,232.00,232.00,41000,9637000
2109-T,三井製糖,東証1部,320.00,323.00,317.00,318.00,237000,75911000
2109-O,三井製糖,大証1部,,,,,0,0
2112-T,塩水糖,東証2部,182.00,182.00,181.00,181.00,4000,725000
2113-J,新光糖,JQ,375.00,375.00,375.00,375.00,4000,1500000
2114-T,フジ日糖,東証2部,,,,,0,0
2116-T,日新糖,東証2部,220.00,220.00,216.00,216.00,31000,6793000
2120-T,ネクスト,東証マザーズ,102000.00,104000.00,101300.00,101300.00,124,12750800
2121-T,ミクシィ,東証マザーズ,558000.00,589000.00,557000.00,587000.00,1427,826050000
2122-T,Iスペース,東証マザーズ,52200.00,52200.00,51700.00,51700.00,4,207300
2123-T,応用医研,東証マザーズ,1176.00,1188.00,1166.00,1170.00,1500,1767400
2124-J,JACR,JQ,1664.00,1694.00,1664.00,1670.00,310,519200
2127-T,M&A,東証1部,370000.00,373000.00,362000.00,364000.00,329,121048000
2128-T,ノバレーゼ,東証マザーズ,60800.00,61900.00,60800.00,61000.00,80,4880700
2131-T,アコーディア,東証1部,77700.00,78200.00,77300.00,77700.00,702,54611900
2132-H,アイレップ,HCグロース,67500.00,69000.00,67500.00,69000.00,10,687000
2133-T,GABA,東証マザーズ,29300.00,29300.00,29300.00,29300.00,2,58600
2134-H,サンキャピタル,HCスタンダード,113300.00,120000.00,113300.00,120000.00,20,2362600
2135-J,VSN,JQ,655.00,670.00,655.00,661.00,2300,1525700
2136-J,ヒップ,JQ,29700.00,29700.00,28700.00,28700.00,15,440200
2137-S,Hヴェラス,札証アンビシャス,19000.00,19100.00,19000.00,19100.00,11,210000
2138-H,ウェブドゥJ,HCグロース,49700.00,50000.00,49650.00,50000.00,10,497800
2140-S,テラネッツ,札証アンビシャス,8640.00,8840.00,8640.00,8840.00,3,26120
2142-T,USJ,東証マザーズ,48600.00,48700.00,48600.00,48700.00,6,291700
2144-H,やまねM,HCグロース,34350.00,34350.00,34050.00,34050.00,13,446100
2145-J,データリンクス,JQ,62000.00,62000.00,62000.00,62000.00,1,62000
2146-J,UTHD,JQ,39900.00,43400.00,39800.00,42400.00,5151,212414700
2147-J,フジスタッフH,JQ,13950.00,13950.00,13660.00,13800.00,28,389580
2148-T,ITM,東証マザーズ,34800.00,35000.00,34500.00,34550.00,42,1458450
2150-T,ケアネット,東証マザーズ,59800.00,59800.00,59800.00,59800.00,18,1076400
2151-T,タケエイ,東証マザーズ,1320.00,1320.00,1300.00,1320.00,2200,2875600
2152-H,幼児活動,HCグロース,1450.00,1450.00,1450.00,1450.00,900,1305000
2153-T,イージェイHD,東証2部,10890.00,10900.00,10830.00,10830.00,100,1086700
2154-J,トラスト･テック,JQ,66000.00,66000.00,66000.00,66000.00,3,198000
2155-T,カービュー,東証マザーズ,88800.00,88800.00,88800.00,88800.00,1,88800
2156-J,セーラー広告,JQ,,,,,0,0
2157-J,コシダカ,JQ,151900.00,154400.00,150000.00,152000.00,23,3503900
2158-T,UBIC,東証マザーズ,2210.00,2230.00,2180.00,2230.00,510,1127450
2159-T,フルスピード,東証マザーズ,67000.00,70700.00,66800.00,69400.00,1492,103174800
2160-T,ジーエヌアイ,東証マザーズ,33.00,34.00,33.00,33.00,876000,28931000
2162-J,nms,JQ,30000.00,30000.00,30000.00,30000.00,1,30000
2163-J,アルトナー,JQ,,,,,0,0
2164-H,地域新聞,HCグロース,81000.00,81900.00,77500.00,80100.00,177,14251300
2165-J,メガロス,JQ,927.00,950.00,927.00,950.00,2700,2547700
2166-J,MICメディカ,JQ,148100.00,149900.00,148100.00,149900.00,6,890400
2167-J,ウェブマネー,JQNEO,76000.00,81500.00,75000.00,79600.00,405,31772000
2168-T,パソナ,東証1部,66500.00,67500.00,65200.00,67500.00,542,36236500
2169-H,CDS,HCスタンダード,52000.00,52000.00,51000.00,51000.00,24,1242100
2170-T,LINK&M,東証1部,52900.00,54700.00,52900.00,54500.00,113,6108900
2172-S,インサイト,札証アンビシャス,370.00,370.00,370.00,370.00,100,37000
2173-H,博展,HCグロース,55400.00,55400.00,55400.00,55400.00,1,55400
2174-T,GCA,東証マザーズ,120000.00,120900.00,118000.00,118900.00,180,21473500
2175-T,SMS,東証マザーズ,533000.00,543000.00,531000.00,538000.00,168,90173000
2176-J,イナリサーチ,JQ,104000.00,104000.00,99000.00,103000.00,76,7780500
2177-H,Vリパブリク,HCグロース,965.00,965.00,965.00,965.00,100,96500
2178-T,トライステージ,東証マザーズ,5880.00,6270.00,5760.00,6180.00,44000,262574000
2179-J,成学社,JQ,,,,,0,0
2180-H,サニーサイド,HCグロース,1180.00,1180.00,1180.00,1180.00,100,118000
2181-T,テンプHD,東証1部,754.00,771.00,754.00,771.00,8900,6764800
2182-H,メディサイエン,HCスタンダード,1500.00,1573.00,1490.00,1550.00,37800,57760800
2183-T,リニカル,東証マザーズ,921.00,935.00,905.00,910.00,24000,21885000
2185-J,シイエム･シイ,JQ,2880.00,2970.00,2750.00,2750.00,19600,56426000
2186-J,ソーバル,JQ,911.00,935.00,911.00,935.00,2200,2041100
2190-H,JCLバイオ,HCスタンダード,1381.00,1463.00,1350.00,1463.00,181200,253747800
2191-J,テラ,JQNEO,2010.00,2140.00,1940.00,2135.00,219500,447664800
2201-T,森永菓,東証1部,197.00,197.00,196.00,196.00,34000,6679000
2204-T,中村屋,東証1部,446.00,449.00,446.00,447.00,16000,7150000
2204-O,中村屋,大証1部,,,,,0,0
2206-T,グリコ,東証1部,935.00,949.00,935.00,946.00,31000,29264000
2206-O,グリコ,大証1部,,,,,0,0
2207-T,名糖産,東証1部,1351.00,1352.00,1333.00,1333.00,12300,16496000
2208-T,ブルボン,東証2部,820.00,820.00,820.00,820.00,11000,9020000
2209-T,井村菓,東証2部,461.00,461.00,460.00,460.00,2000,921000
2211-T,不二家,東証1部,139.00,140.00,138.00,138.00,25000,3475000
2212-T,山崎パン,東証1部,1043.00,1060.00,1037.00,1053.00,356000,373706000
2212-O,山崎パン,大証1部,,,,,0,0
2215-T,第一パン,東証1部,123.00,123.00,122.00,122.00,32000,3926000
2216-T,カンロ,東証2部,430.00,430.00,430.00,430.00,5000,2150000
2217-T,モロゾフ,東証1部,309.00,309.00,308.00,308.00,5000,1543000
2217-O,モロゾフ,大証1部,,,,,0,0
2218-S,日糧パン,札証,90.00,90.00,89.00,89.00,29000,2608000
2220-T,亀田菓,東証2部,1438.00,1438.00,1438.00,1438.00,1900,2732200
2221-J,岩塚菓,JQ,1660.00,1660.00,1652.00,1658.00,800,1325800
2222-J,寿スピリッツ,JQ,1090.00,1098.00,1090.00,1098.00,2300,2510600
2224-J,コモ,JQ,1576.00,1576.00,1576.00,1576.00,100,157600
2226-J,フレンテ,JQ,1780.00,1784.00,1774.00,1784.00,2700,4797700
2228-J,シベール,JQ,270200.00,272000.00,270000.00,272000.00,4,1084200
2262-T,雪印乳,東証1部,282.00,282.00,280.00,280.00,182000,51086000
2262-S,雪印乳,札証,,,,,0,0
2264-T,森永乳,東証1部,360.00,363.00,360.00,361.00,80000,28904000
2264-O,森永乳,大証1部,,,,,0,0
2266-O,六甲バタ,大証2部,468.00,482.00,468.00,481.00,60000,28563000
2267-T,ヤクルト,東証1部,1794.00,1794.00,1775.00,1782.00,70900,126590100
2268-J,サーティワン,JQ,2245.00,2250.00,2245.00,2250.00,800,1797500
2269-T,明治HD,東証1部,3680.00,3710.00,3640.00,3650.00,32400,118887000
2281-T,プリマハム,東証1部,116.00,117.00,115.00,116.00,279000,32366000
2281-O,プリマハム,大証1部,,,,,0,0
2282-T,日本ハム,東証1部,1169.00,1184.00,1148.00,1148.00,505000,588203000
2282-O,日本ハム,大証1部,,,,,0,0
2284-T,伊藤ハム,東証1部,342.00,342.00,333.00,333.00,284000,95817000
2284-O,伊藤ハム,大証1部,,,,,0,0
2286-T,林兼産,東証1部,93.00,93.00,92.00,92.00,73000,6756000
2286-O,林兼産,大証1部,,,,,0,0
2286-F,林兼産,福証,,,,,0,0
2288-T,丸大食,東証1部,262.00,265.00,262.00,264.00,12000,3157000
2288-O,丸大食,大証1部,,,,,0,0
2289-J,相模ハム,JQ,81.00,81.00,76.00,76.00,24000,1891000
2290-T,米久,東証1部,999.00,1004.00,982.00,985.00,16500,16388500
2291-T,福留ハム,東証2部,,,,,0,0
2292-T,SFoods,東証1部,760.00,761.00,760.00,761.00,6000,4563500
2292-O,SFoods,大証1部,,,,,0,0
2293-J,滝沢ハム,JQ,357.00,357.00,357.00,357.00,1000,357000
2294-J,柿安本店,JQ,1017.00,1028.00,1017.00,1020.00,500,510200
2300-J,きょくと,JQ,351.00,360.00,351.00,355.00,1300,463600
2301-T,学情,東証1部,335.00,338.00,330.00,338.00,8300,2763000
2303-H,ドーン,HCスタンダード,,,,,0,0
2304-J,CSSHD,JQ,29300.00,29300.00,29000.00,29000.00,21,614700
2305-T,スタジオアリス,東証1部,725.00,730.00,711.00,711.00,58100,41800000
2306-J,ビック東海,JQ,1196.00,1199.00,1190.00,1190.00,16700,19964200
2307-J,クロスキャット,JQ,220.00,220.00,220.00,220.00,2000,440000
2309-T,シミック,東証1部,21300.00,21300.00,21010.00,21170.00,1490,31531800
2311-J,エプコ,JQ,157100.00,163100.00,157100.00,163100.00,2,320200
2315-J,SJI,JQ,18100.00,18400.00,18100.00,18150.00,235,4274330
2317-T,システムプロ,東証1部,44900.00,44950.00,44400.00,44400.00,85,3803800
2318-H,中小投資,HCスタンダード,122.00,122.00,114.00,116.00,77847,9088539
2321-H,ソフトフロント,HCグロース,37250.00,38000.00,37250.00,37700.00,249,9336500
2322-T,NECフィール,東証1部,1301.00,1321.00,1294.00,1309.00,11000,14343200
2323-H,fonfun,HCスタンダード,395.00,396.00,350.00,350.00,24600,9415200
2325-T,日本上下,東証2部,94600.00,95000.00,93400.00,95000.00,64,6046000
2326-H,デジアーツ,HCグロース,72000.00,73200.00,71600.00,72100.00,314,22772600
2327-T,NSSOL,東証1部,1510.00,1510.00,1492.00,1492.00,8500,12776900
2329-J,東北新社,JQ,597.00,609.00,594.00,608.00,5100,3060800
2330-J,フォーサイド,JQ,4270.00,4270.00,4200.00,4210.00,1598,6779790
2331-T,綜合警備,東証1部,1015.00,1041.00,1012.00,1035.00,112400,115335200
2332-J,クエスト,JQ,738.00,738.00,738.00,738.00,200,147600
2333-J,ジー･モード,JQ,19880.00,20000.00,19410.00,19410.00,201,3986040
2335-T,キューブシス,東証2部,,,,,0,0
2337-H,アセット･マネ,HCスタンダード,10300.00,10470.00,9940.00,10050.00,16708,170248180
2338-T,SSTW,東証マザーズ,35050.00,35050.00,35050.00,35050.00,1,35050
2340-J,極楽湯,JQ,270.00,270.00,254.00,259.00,11800,3070100
2341-J,アルバイトタイ,JQ,84.00,84.00,81.00,81.00,17600,1439000
2342-T,トランス,東証マザーズ,18600.00,18650.00,18300.00,18600.00,95,1759650
2344-J,平安レイ,JQ,444.00,444.00,443.00,444.00,1100,488100
2345-T,システクアイ,東証マザーズ,58100.00,58100.00,57900.00,57900.00,4,232100
2349-J,エヌアイデイ,JQ,1265.00,1268.00,1250.00,1250.00,400,504800
2351-T,ASJ,東証マザーズ,27900.00,27900.00,27800.00,27800.00,3,83600
2352-T,エイジア,東証マザーズ,32000.00,32000.00,32000.00,32000.00,5,160000
2353-T,日駐,東証1部,6180.00,6580.00,6170.00,6450.00,15938,101887780
2353-J,日駐,JQ,6300.00,6300.00,6200.00,6200.00,102,632600
2354-T,安川情報,東証2部,347.00,347.00,337.00,345.00,34500,11967500
2355-T,SBINS,東証マザーズ,13220.00,13220.00,13000.00,13000.00,31,404320
2356-T,TCB,東証マザーズ,59200.00,61500.00,59200.00,61500.00,2,120700
2359-T,コア,東証1部,590.00,590.00,580.00,580.00,800,467600
2362-H,夢真HD,HCスタンダード,70.00,70.00,67.00,68.00,165000,11279000
2369-T,メディビ,東証マザーズ,9850.00,9900.00,9750.00,9810.00,44,432540
2370-T,MDNT,東証マザーズ,20160.00,20400.00,19800.00,20200.00,3884,78429590
2371-T,カカクコム,東証1部,363000.00,380000.00,363000.00,379000.00,1133,423557000
2372-T,アイロムHD,東証1部,5000.00,5070.00,4960.00,5010.00,934,4672340
2373-H,ケア21,HCグロース,72000.00,72100.00,71100.00,71100.00,22,1581900
2374-J,セントケアHD,JQ,37100.00,37150.00,37100.00,37100.00,15,556550
2375-T,スリープロ,東証マザーズ,86700.00,86700.00,86700.00,86700.00,1,86700
2376-H,サイネックス,HCスタンダード,324.00,324.00,324.00,324.00,9800,3175200
2378-T,ルネサンス,東証1部,317.00,317.00,314.00,316.00,5200,1642900
2379-T,ディップ,東証マザーズ,24910.00,25210.00,24610.00,24800.00,39,971470
2384-J,SBSHD,JQ,,,,,0,0
2385-T,総医研,東証マザーズ,31550.00,31950.00,31000.00,31050.00,277,8680550
2388-H,ウェッジHD,HCグロース,11690.00,11790.00,11000.00,11500.00,57,652540
2389-J,オプト,JQ,127100.00,128800.00,126200.00,126900.00,237,30057600
2391-J,プラネット,JQ,315000.00,320000.00,312000.00,312000.00,13,4092000
2392-T,セキュアード,東証1部,116600.00,117000.00,110200.00,113200.00,251,28920900
2393-T,日本ケア,東証マザーズ,55400.00,55500.00,55200.00,55200.00,22,1218000
2394-T,JAA,東証2部,,,,,0,0
2395-T,新日科学,東証1部,355.00,358.00,354.00,356.00,12800,4554500
2396-J,パソナテック,JQ,85100.00,85100.00,85100.00,85100.00,1,85100
2397-T,DNAチップ,東証マザーズ,62600.00,65500.00,62600.00,64100.00,11,703400
2398-J,ツクイ,JQ,1175.00,1175.00,1140.00,1169.00,4000,4620000
2399-T,綜合HD,東証マザーズ,45000.00,45000.00,43700.00,43700.00,22,985550
2400-J,メッセージ,JQ,158500.00,158500.00,155200.00,157000.00,182,28644200
2402-T,アマナHD,東証マザーズ,440.00,452.00,440.00,452.00,1400,618700
2403-T,リンク･ワン,東証マザーズ,19100.00,19500.00,19100.00,19100.00,18,344570
2404-T,鉄人化,東証マザーズ,40650.00,40900.00,40350.00,40900.00,13,527900
2405-T,FUJIKOH,東証マザーズ,3490.00,3490.00,3490.00,3490.00,10,34900
2406-J,アルテHD,JQ,26400.00,26400.00,25900.00,25900.00,28,735600
2408-J,KG情報,JQ,306.00,318.00,300.00,318.00,2200,671400
2409-T,ネクストHD,東証マザーズ,3200.00,3200.00,3070.00,3150.00,325,1027040
2410-T,キャリアDC,東証2部,13610.00,14000.00,13210.00,13210.00,91,1241880
2411-J,ゲンダイAG,JQ,107000.00,108000.00,105500.00,106000.00,64,6797900
2412-T,ベネ･ワン,東証2部,78000.00,79900.00,76900.00,77900.00,84,6509500
2413-T,エムスリー,東証1部,316000.00,322000.00,313000.00,321000.00,612,194658000
2414-O,塩見HD,大証2部,20.00,21.00,19.00,20.00,480000,9569100
2415-J,ヒューマンHD,JQ,20100.00,20100.00,19570.00,19570.00,21,419030
2416-J,ローソンチケット,JQ,162800.00,164500.00,160900.00,164000.00,145,23594900
2417-T,ツヴァイ,東証2部,804.00,808.00,797.00,797.00,2100,1687400
2418-T,ベストB,東証マザーズ,273800.00,280600.00,273800.00,276000.00,31,8602200
2419-J,日本ERI,JQ,130000.00,130000.00,128000.00,128000.00,16,2074200
2420-H,CHINTAI,HCスタンダード,30700.00,31200.00,30000.00,31200.00,87,2650800
2423-F,JMテクノ,福証Q-Board,19500.00,19500.00,19500.00,19500.00,6,117000
2425-H,ケアサービス,HCグロース,51000.00,51000.00,50500.00,50500.00,2,101500
2426-J,P&P,JQ,28670.00,30500.00,28660.00,30500.00,143,4201550
2427-J,アウトソシング,JQ,,,,,0,0
2428-J,ウェルネット,JQ,79200.00,79500.00,78000.00,78500.00,43,3382700
2429-J,ワールドIT,JQ,58100.00,60600.00,58100.00,59300.00,518,31123600
2431-J,日テクシード,JQ,,,,,0,0
2432-T,DENA,東証1部,324000.00,340000.00,320000.00,340000.00,9834,3268470000
2433-T,博報堂DY,東証1部,5200.00,5200.00,5120.00,5120.00,16880,86980900
2434-J,丸誠,JQ,411.00,413.00,411.00,411.00,1800,740300
2435-J,シダー,JQ,300.00,301.00,300.00,300.00,2600,780600
2436-J,共同PR,JQ,615.00,615.00,595.00,595.00,300,180500
2437-H,シンワアート,HCスタンダード,28700.00,28700.00,28000.00,28000.00,4,113400
2438-T,アスカネット,東証マザーズ,51100.00,51900.00,51100.00,51300.00,44,2257700
2440-T,ぐるなび,東証1部,265700.00,272900.00,265000.00,272300.00,667,180091800
2444-H,セレブリックス,HCグロース,26500.00,27100.00,26500.00,27100.00,5,133700
2445-T,SRGタカミヤ,東証2部,474.00,474.00,474.00,474.00,900,426600
2449-J,プラップJ,JQ,639.00,640.00,635.00,635.00,1800,1150200
2450-T,一休,東証1部,37950.00,38400.00,37400.00,37800.00,456,17244250
2451-T,メディアクリエ,東証マザーズ,91.00,93.00,91.00,91.00,7000,643000
2453-T,JBR,東証1部,42950.00,44000.00,42950.00,44000.00,13,563800
2454-J,オールアバウト,JQ,,,,,0,0
2458-J,フルキャストテク,JQ,19910.00,20500.00,19910.00,20500.00,22,446010
2459-T,アウンコンサル,東証マザーズ,26800.00,27100.00,26800.00,27100.00,46,1236350
2461-J,ファンコミ,JQ,152000.00,158700.00,152000.00,157000.00,416,64561400
2462-T,ジェイコム,東証1部,109500.00,111900.00,108200.00,108600.00,497,54684800
2463-T,シニアC,東証マザーズ,18000.00,18000.00,17500.00,17800.00,16,284310
2464-T,BBT,東証マザーズ,42200.00,42200.00,42200.00,42200.00,16,675200
2466-T,PGGIH,東証1部,59800.00,59900.00,58800.00,58900.00,311,18472600
2468-T,フュートレック,東証マザーズ,222400.00,228000.00,222400.00,226000.00,19,4270100
2469-J,ヒビノ,JQ,,,,,0,0
2471-H,エスプール,HCスタンダード,33200.00,33200.00,33200.00,33200.00,21,697200
2475-T,WDB,東証2部,48050.00,48050.00,47650.00,47650.00,30,1440100
2477-T,比較.com,東証マザーズ,56700.00,56700.00,56700.00,56700.00,1,56700
2478-T,MKCM,東証マザーズ,36700.00,37400.00,36650.00,37350.00,19,703000
2479-H,ジェイテック,HCグロース,,,,,0,0
2480-J,シスロケ,JQ,295.00,295.00,295.00,295.00,200,59000
2481-J,タウンニュース,JQ,257.00,257.00,257.00,257.00,1100,282700
2483-H,翻訳センター,HCスタンダード,107100.00,110000.00,107100.00,110000.00,5,540200
2484-H,夢の街,HCグロース,77100.00,77100.00,76400.00,76500.00,21,1614800
2487-J,CDG,JQ,1430.00,1430.00,1430.00,1430.00,100,143000
2488-J,日本サード,JQ,68000.00,68000.00,68000.00,68000.00,2,136000
2489-T,アドウェイズ,東証マザーズ,173000.00,175800.00,165800.00,171000.00,1541,264444200
2490-H,アミタ,HCグロース,,,,,0,0
2491-T,Vコマース,東証マザーズ,21740.00,22300.00,21450.00,22000.00,444,9678910
2492-T,インフォマート,東証マザーズ,197300.00,215000.00,197300.00,210200.00,211,44187100
2493-H,イーサポート,HCスタンダード,54500.00,56000.00,54100.00,56000.00,85,4656600
2495-S,SEMP,札証アンビシャス,,,,,0,0
2496-J,アルク,JQ,14290.00,14290.00,13800.00,13800.00,24,339340
2497-T,ngi,東証マザーズ,35900.00,37950.00,35900.00,37350.00,4666,173159250
2498-J,ACKG,JQ,324.00,324.00,324.00,324.00,100,32400
2499-J,日本和装,JQ,27000.00,27000.00,26990.00,26990.00,15,404990
2501-T,サッポロHD,東証1部,520.00,528.00,515.00,515.00,233000,121366000
2501-S,サッポロHD,札証,,,,,0,0
2502-T,アサヒ,東証1部,1314.00,1329.00,1310.00,1322.00,475700,628481600
2502-O,アサヒ,大証1部,,,,,0,0
2503-T,キリンHD,東証1部,1270.00,1286.00,1265.00,1279.00,727000,926531000
2503-O,キリンHD,大証1部,,,,,0,0
2503-S,キリンHD,札証,,,,,0,0
2503-F,キリンHD,福証,,,,,0,0
2531-T,宝HD,東証1部,554.00,561.00,551.00,556.00,199000,110760000
2531-O,宝HD,大証1部,,,,,0,0
2533-T,オエノンHD,東証1部,215.00,218.00,212.00,216.00,227000,48929000
2533-O,オエノンHD,大証1部,,,,,0,0
2533-S,オエノンHD,札証,,,,,0,0
2536-T,メルシャン,東証1部,190.00,190.00,189.00,189.00,22000,4166000
2536-O,メルシャン,大証1部,,,,,0,0
2538-O,JFLA,大証2部,69.00,75.00,69.00,74.00,126000,9056000
2540-T,養命酒,東証1部,,,,,0,0
2572-T,三国コカ,東証1部,793.00,793.00,787.00,788.00,16400,12972900
2573-T,北海コカ,東証2部,505.00,506.00,505.00,506.00,3000,1516000
2573-S,北海コカ,札証,,,,,0,0
2578-T,四国コカ,東証1部,931.00,939.00,931.00,932.00,1900,1771500
2579-T,コカウエスト,東証1部,1814.00,1814.00,1797.00,1801.00,62100,111971700
2579-O,コカウエスト,大証1部,,,,,0,0
2579-F,コカウエスト,福証,,,,,0,0
2580-T,コカ･コーラCJ,東証1部,1339.00,1340.00,1331.00,1334.00,5500,7350800
2589-J,GOLDPAK,JQ,1228.00,1230.00,1218.00,1230.00,1700,2082900
2590-T,ダイドドリ,東証1部,2695.00,2710.00,2690.00,2705.00,20300,54823000
2593-T,伊藤園,東証1部,1474.00,1475.00,1444.00,1450.00,84000,122566000
25935-T,伊藤園1P,東証1部,861.00,862.00,851.00,853.00,26700,22877300
2594-T,キーコーヒー,東証1部,1568.00,1568.00,1548.00,1551.00,8900,13835400
2597-T,ユニカフェ,東証1部,1004.00,1008.00,1003.00,1008.00,1100,1106000
2599-T,ジャパンF,東証1部,952.00,953.00,930.00,930.00,5100,4811100
2602-T,日清オイリオ,東証1部,509.00,513.00,508.00,512.00,286000,146108000
2602-O,日清オイリオ,大証1部,,,,,0,0
2607-T,不二油,東証1部,1088.00,1088.00,1077.00,1081.00,47000,50926800
2607-O,不二油,大証1部,,,,,0,0
2608-T,ボーソー,東証2部,171.00,172.00,171.00,171.00,16000,2743000
2611-O,攝津油,大証2部,,,,,0,0
2612-J,かどや,JQ,1479.00,1480.00,1479.00,1480.00,200,295900
2613-T,Jオイル,東証1部,337.00,340.00,336.00,340.00,57000,19276000
2613-O,Jオイル,大証1部,,,,,0,0
2651-T,ローソン,東証1部,4050.00,4090.00,4020.00,4080.00,198900,805625000
2651-O,ローソン,大証1部,,,,,0,0
2652-T,マンダラケ,東証マザーズ,990.00,1000.00,990.00,1000.00,400,397100
2653-J,イオン九州,JQ,1099.00,1110.00,1090.00,1090.00,700,768600
2654-O,シンワオックス,大証2部,20.00,21.00,20.00,20.00,190000,3809000
2655-T,MV東北,東証2部,625.00,625.00,620.00,620.00,4800,2997500
2656-H,ベクター,HCグロース,50000.00,50000.00,50000.00,50000.00,3,150000
2657-T,インターニックス,東証1部,357.00,360.00,357.00,360.00,1000,357700
2658-J,ウライ,JQ,109.00,109.00,109.00,109.00,1000,109000
2659-T,サンエー,東証1部,3090.00,3100.00,3070.00,3090.00,5100,15754000
2660-T,キリン堂,東証1部,508.00,508.00,503.00,503.00,3900,1973700
2660-O,キリン堂,大証2部,,,,,0,0
2662-T,ダイユーエイト,東証1部,609.00,609.00,607.00,607.00,400,243400
2664-T,カワチ薬品,東証1部,1868.00,1870.00,1842.00,1852.00,26900,49850100
2665-T,MKI,東証2部,19800.00,19800.00,19500.00,19500.00,1243,24582160
2666-J,オートウェーブ,JQ,269.00,269.00,269.00,269.00,100,26900
2667-H,イメージワン,HCスタンダード,22850.00,23150.00,22000.00,22000.00,53,1189750
2668-O,タビオ,大証2部,815.00,820.00,808.00,820.00,1100,897700
2669-J,カネ美食品,JQ,2695.00,2720.00,2690.00,2690.00,500,1351500
2670-T,ABCマート,東証1部,2455.00,2510.00,2450.00,2470.00,132800,328788500
2673-J,STEILAR,JQ,113.00,129.00,103.00,108.00,25300,2969600
2674-T,ハードオフ,東証1部,502.00,508.00,496.00,499.00,28300,14181200
2675-T,ダイナック,東証2部,806.00,806.00,806.00,806.00,200,161200
2676-T,高千穂交,東証1部,960.00,960.00,952.00,953.00,2200,2100100
2678-T,アスクル,東証1部,1760.00,1771.00,1678.00,1678.00,74800,129629600
2681-T,ゲオ,東証1部,78800.00,78900.00,77300.00,77300.00,1103,86174500
2682-J,ジューテック,JQ,,,,,0,0
2683-T,魚喜,東証2部,187.00,188.00,187.00,187.00,8000,1496500
2684-J,プライム,JQ,15810.00,15810.00,15630.00,15630.00,11,173490
2685-T,ポイント,東証1部,5490.00,5680.00,5350.00,5650.00,137550,761409700
2687-T,シーヴイエス,東証1部,144.00,145.00,144.00,145.00,9000,1302000
2689-T,カワニシHD,東証2部,730.00,730.00,730.00,730.00,500,365000
2690-T,ソフマップ,東証2部,184.00,184.00,183.00,183.00,5400,993000
2692-T,伊藤忠食,東証1部,3340.00,3380.00,3340.00,3360.00,900,3024000
2693-J,YKT,JQ,162.00,162.00,161.00,161.00,3800,613100
2694-J,Gテイスト,JQ,113.00,116.00,113.00,114.00,16000,1830000
2695-T,くらコーポ,東証1部,195000.00,199000.00,195000.00,196000.00,165,32462600
2696-J,大和フーヅ,JQ,841.00,850.00,841.00,850.00,1200,1010100
2698-T,キャンドゥ,東証1部,95200.00,96200.00,95200.00,95600.00,69,6608000
2700-J,木徳神糧,JQ,,,,,0,0
2702-J,マクドナルド,JQ,1800.00,1800.00,1790.00,1790.00,72100,129512300
2703-J,日本ライトン,JQ,144.00,144.00,140.00,140.00,2200,313800
2705-J,大戸屋,JQ,962.00,962.00,962.00,962.00,400,384800
2706-J,ブロッコリー,JQ,36.00,40.00,35.00,38.00,1365000,52863000
2708-J,久世,JQ,,,,,0,0
2710-H,CSロジネット,HCスタンダード,229.00,229.00,229.00,229.00,1000,229000
2712-H,スターバックス,HCスタンダード,38100.00,38100.00,38000.00,38100.00,142,5403600
2714-J,プラマテルズ,JQ,321.00,321.00,321.00,321.00,3000,963000
2715-T,高千穂電,東証1部,1027.00,1028.00,1014.00,1020.00,9900,10102000
2718-J,ミドリ薬品,JQ,103200.00,103200.00,101400.00,101400.00,6,615900
2719-T,キタムラ,東証2部,454.00,483.00,454.00,480.00,39500,18569100
2721-J,ジェイホーム,JQ,,,,,0,0
2722-J,アイケイ,JQ,35450.00,35500.00,35450.00,35500.00,2,70950
2724-H,インスパイアー,HCグロース,7630.00,7700.00,7500.00,7600.00,282,2151810
2725-H,ITX,HCスタンダード,37800.00,37800.00,36700.00,37400.00,61,2267250
2726-T,パル,東証1部,1589.00,1605.00,1580.00,1590.00,3300,5264900
2727-J,テンコーポ,JQ,,,,,0,0
2729-T,JALUX,東証1部,1330.00,1330.00,1300.00,1300.00,1000,1320100
2730-T,エディオン,東証1部,610.00,611.00,597.00,601.00,77600,46898600
2733-J,あらた,JQ,,,,,0,0
2734-T,サーラ,東証1部,520.00,522.00,517.00,517.00,3000,1558000
2735-J,ワッツ,JQ,77100.00,77100.00,76500.00,76500.00,18,1385100
2736-J,サダマツ,JQ,99.00,100.00,96.00,97.00,117000,11511000
2737-T,トーメンデバ,東証1部,1220.00,1220.00,1202.00,1208.00,3900,4729600
2738-T,バルス,東証1部,77500.00,77600.00,77000.00,77000.00,200,15462400
2742-J,ハローズ,JQ,687.00,690.00,687.00,690.00,20100,13868700
2743-J,ハイブリッド,JQ,16020.00,16590.00,16010.00,16590.00,28,456480
2744-J,ウイン･インター,JQ,514.00,514.00,502.00,506.00,3000,1523000
2747-J,北雄ラッキー,JQ,425.00,425.00,425.00,425.00,1000,425000
2749-J,JPHD,JQ,1071.00,1085.00,1070.00,1085.00,9500,10230500
2750-J,石光商事,JQ,364.00,366.00,364.00,364.00,6500,2367200
2751-J,テンポス,JQ,37300.00,37400.00,37300.00,37400.00,3,112100
2752-H,フジオフード,HCスタンダード,134000.00,134300.00,134000.00,134300.00,3,402300
2753-T,あみやき,東証1部,140000.00,140000.00,138500.00,138500.00,29,4037000
2754-J,東葛HD,JQ,192.00,195.00,192.00,195.00,2000,387000
2757-S,オストJG,札証アンビシャス,,,,,0,0
2759-J,SBR,JQ,3880.00,3920.00,3710.00,3710.00,4138,15690590
2760-T,東エレデバ,東証2部,123500.00,124500.00,122600.00,124500.00,8,988300
2761-J,トシンG,JQ,1570.00,1600.00,1570.00,1570.00,1800,2830000
2762-T,三光フーズ,東証2部,71700.00,71800.00,71100.00,71300.00,29,2075200
2763-J,エフティコミュ,JQ,25800.00,25900.00,25500.00,25800.00,54,1388800
2764-T,ひらまつ,東証2部,59900.00,60000.00,59800.00,59800.00,53,3174600
2766-T,日風開,東証マザーズ,435000.00,452000.00,435000.00,444000.00,2292,1020588000
2767-J,フィールズ,JQ,132000.00,133600.00,131100.00,132000.00,376,49730300
2768-T,双日,東証1部,205.00,207.00,201.00,202.00,4955100,1009755500
2768-O,双日,大証1部,,,,,0,0
2769-J,ヴィレッジV,JQ,280000.00,293000.00,274500.00,292000.00,198,56031000
2772-J,ゲンキー,JQ,79000.00,80300.00,79000.00,79800.00,16,1269500
2773-J,ミューチュアル,JQ,471.00,484.00,471.00,484.00,2600,1239600
2776-J,クリムゾン,JQ,,,,,0,0
2777-J,カッシーナ,JQ,3700.00,3700.00,3700.00,3700.00,10,37000
2778-J,パレモ,JQ,282.00,284.00,281.00,284.00,5400,1524500
2780-T,コメ兵,東証2部,334.00,340.00,332.00,332.00,13000,4352800
2782-J,セリア,JQ,89000.00,95000.00,89000.00,95000.00,34,3137500
2784-T,アルフレッサHD,東証1部,4380.00,4470.00,4350.00,4440.00,24500,108463000
2784-O,アルフレッサHD,大証1部,,,,,0,0
2786-J,サッポロDGS,JQ,95500.00,95500.00,95500.00,95500.00,2,191000
2788-T,アップル,東証マザーズ,25100.00,26000.00,25000.00,25020.00,65,1639120
2789-J,カルラ,JQ,364.00,365.00,364.00,365.00,1000,364900
2790-J,ナフコ,JQ,1731.00,1750.00,1731.00,1750.00,9400,16434300
2791-T,大黒天,東証2部,1821.00,1839.00,1800.00,1830.00,4100,7459600
2792-T,ハニーズ,東証1部,693.00,700.00,689.00,689.00,44830,31125980
2795-J,プリメックス,JQ,535.00,565.00,535.00,565.00,700,384400
2796-J,ファーマライズ,JQ,168000.00,170000.00,168000.00,170000.00,2,338000
2798-T,Y’S,東証マザーズ,127100.00,130000.00,127100.00,127600.00,10,1289900
2799-J,パイオン,JQ,7960.00,7980.00,7720.00,7720.00,99,779500
2801-T,キッコーマン,東証1部,932.00,933.00,918.00,920.00,190000,175740000
2801-O,キッコーマン,大証1部,,,,,0,0
2802-T,味の素,東証1部,763.00,768.00,757.00,768.00,604000,461378000
2802-O,味の素,大証1部,,,,,0,0
2804-T,ブルドック,東証2部,204.00,204.00,204.00,204.00,6000,1224000
2805-T,エスビー,東証2部,828.00,880.00,820.00,880.00,12000,10328500
2806-T,ユタカフーズ,東証2部,1270.00,1270.00,1270.00,1270.00,1300,1651000
2809-T,キユーピー,東証1部,976.00,987.00,976.00,983.00,181300,178007700
2810-T,ハウス食,東証1部,1381.00,1390.00,1376.00,1380.00,81400,112551800
2810-O,ハウス食,大証1部,,,,,0,0
2811-T,カゴメ,東証1部,1583.00,1583.00,1568.00,1573.00,35800,56433600
2812-T,焼津水,東証1部,999.00,999.00,998.00,998.00,400,399500
2813-J,和弘食,JQ,221.00,221.00,221.00,221.00,1000,221000
2814-J,佐藤食,JQ,1102.00,1102.00,1083.00,1083.00,140,152360
2815-T,アリアケ,東証1部,1480.00,1491.00,1475.00,1480.00,18500,27413800
2816-T,ダイショー,東証2部,506.00,506.00,506.00,506.00,1000,506000
2817-J,ギャバン,JQ,,,,,0,0
2818-T,ピエトロ,東証2部,793.00,795.00,793.00,793.00,1700,1348500
2819-J,エバラ食品,JQ,1330.00,1330.00,1330.00,1330.00,14000,18620000
2830-T,アヲハタ,東証2部,1348.00,1349.00,1348.00,1349.00,200,269700
2831-T,はごろも,東証2部,1039.00,1039.00,1039.00,1039.00,8000,8312000
2871-T,ニチレイ,東証1部,375.00,380.00,375.00,376.00,372000,140366000
2871-O,ニチレイ,大証1部,,,,,0,0
2872-T,セイヒョー,東証2部,,,,,0,0
2874-T,ヨコレイ,東証1部,596.00,596.00,592.00,595.00,8000,4753000
2875-T,東洋水産,東証1部,1950.00,1965.00,1950.00,1958.00,236000,462246000
2876-J,JCコムサ,JQ,,,,,0,0
2877-J,日東ベスト,JQ,845.00,845.00,845.00,845.00,1400,1183000
2891-T,酵母工,東証2部,497.00,498.00,497.00,498.00,3000,1492000
2892-T,日食品,東証2部,346.00,346.00,343.00,343.00,9000,3102000
2893-T,ローマイヤ,東証2部,85.00,85.00,85.00,85.00,2000,170000
2894-T,石井食,東証2部,219.00,220.00,219.00,220.00,3000,658000
2897-T,日清食HD,東証1部,2815.00,2840.00,2800.00,2830.00,92200,260627500
2897-O,日清食HD,大証1部,,,,,0,0
2898-T,ソントン食,東証2部,645.00,645.00,645.00,645.00,1000,645000
2899-T,永谷園,東証1部,849.00,857.00,849.00,856.00,4000,3412000
2901-J,石垣食,JQ,,,,,0,0
2903-O,シノブフース,大証2部,213.00,214.00,213.00,213.00,6000,1279000
2904-J,一正蒲,JQ,,,,,0,0
2905-J,オーケー食,JQ,,,,,0,0
2906-J,ホッコク,JQ,145.00,145.00,140.00,140.00,32000,4562000
2907-T,あじかん,東証2部,837.00,837.00,837.00,837.00,500,418500
2907-O,あじかん,大証2部,,,,,0,0
2908-T,フジッコ,東証1部,1070.00,1070.00,1066.00,1069.00,9000,9621000
2908-O,フジッコ,大証1部,,,,,0,0
2910-T,ロックフィール,東証1部,1195.00,1196.00,1187.00,1193.00,3700,4407800
2910-O,ロックフィール,大証1部,,,,,0,0
2911-O,旭松食,大証2部,,,,,0,0
2912-J,鐘崎,JQ,,,,,0,0
2913-J,フジフーズ,JQ,,,,,0,0
2914-T,JT,東証1部,277100.00,283600.00,277100.00,281800.00,9301,2615932700
2914-O,JT,大証1部,,,,,0,0
2914-S,JT,札証,,,,,0,0
2914-F,JT,福証,,,,,0,0
2915-J,ケンコーマヨ,JQ,365.00,365.00,365.00,365.00,1000,365000
2916-J,仙波糖化,JQ,,,,,0,0
2917-J,大森屋,JQ,,,,,0,0
2918-T,わらべや,東証1部,1124.00,1128.00,1116.00,1116.00,26000,29165200
2919-F,マルタイ,福証,,,,,0,0
2921-J,フクシマフーズ,JQ,,,,,0,0
2922-T,なとり,東証1部,777.00,777.00,771.00,771.00,1800,1395600
2923-T,サトウ食品,東証2部,,,,,0,0
2924-J,イフジ産業,JQ,300.00,300.00,290.00,290.00,2200,641600
2925-J,ピックルス,JQ,325.00,331.00,321.00,331.00,1000,323000
2926-T,篠崎屋,東証マザーズ,7970.00,8060.00,7960.00,8000.00,94,751260
2927-J,アムスライフ,JQ,7290.00,7300.00,7220.00,7260.00,110,797800
2928-S,健康HD,札証アンビシャス,3720.00,3720.00,3720.00,3720.00,1,3720
2929-T,ファーマフーズ,東証マザーズ,28000.00,28000.00,27500.00,28000.00,44,1225970
3001-T,片倉,東証1部,869.00,869.00,845.00,857.00,3100,2669400
3001-O,片倉,大証1部,,,,,0,0
3002-T,グンゼ,東証1部,431.00,438.00,430.00,436.00,537000,233253000
3002-O,グンゼ,大証1部,,,,,0,0
3003-T,昭栄,東証1部,774.00,779.00,764.00,764.00,55200,42569300
3004-T,神栄,東証1部,158.00,160.00,156.00,156.00,35000,5503000
3004-O,神栄,大証1部,,,,,0,0
3009-T,川島織セル,東証1部,89.00,90.00,88.00,89.00,132000,11743000
3010-T,価値開発,東証2部,40.00,40.00,39.00,39.00,119000,4683000
3011-T,バナーズ,東証2部,5.00,6.00,4.00,5.00,4237200,21243300
3020-J,アプライド,JQ,1333.00,1340.00,1328.00,1340.00,500,666700
3021-T,PCNET,東証マザーズ,35000.00,35000.00,35000.00,35000.00,2,70000
3022-T,山下医,東証1部,,,,,0,0
3023-T,ラサ商事,東証1部,349.00,353.00,349.00,350.00,3600,1262000
3024-J,クリエイト,JQ,426.00,426.00,425.00,425.00,3400,1445200
3027-J,レデイ薬局,JQ,140000.00,140000.00,140000.00,140000.00,3,420000
3028-T,アルペン,東証1部,1710.00,1726.00,1695.00,1695.00,95500,163352200
3030-H,ハブ,HCグロース,112800.00,112800.00,110500.00,110500.00,7,783500
3031-T,ラクーン,東証マザーズ,177500.00,183000.00,177500.00,180000.00,11,1985500
3034-H,クオール,HCスタンダード,139900.00,140000.00,136700.00,140000.00,11,1524100
3035-J,KTK,JQ,351.00,351.00,347.00,347.00,2100,733400
3036-T,アルコニックス,東証2部,2950.00,2950.00,2760.00,2835.00,5000,14322000
3037-H,スタイライフ,HCグロース,73600.00,73600.00,73600.00,73600.00,4,294400
3038-O,神戸物産,大証2部,1372.00,1372.00,1372.00,1372.00,100,137200
3040-J,ソリトン,JQ,735.00,735.00,735.00,735.00,800,588000
3041-T,ビ花壇,東証マザーズ,47000.00,47000.00,46200.00,46300.00,9,420700
3042-H,セキュアヴェイ,HCグロース,16800.00,16800.00,16800.00,16800.00,2,33600
3043-H,モジュレ,HCグロース,18300.00,18720.00,17810.00,18100.00,444,8103050
3045-O,カワサキ,大証2部,,,,,0,0
3046-H,ジェイアイエヌ,HCスタンダード,129.00,139.00,129.00,134.00,22000,2954000
3047-F,TRUCKONE,福証Q-Board,33050.00,33050.00,33050.00,33050.00,1,33050
3048-T,ビックカメラ,東証1部,39500.00,39600.00,39200.00,39400.00,2035,80196950
3049-T,エノテカ,東証2部,70800.00,70800.00,70200.00,70800.00,7,494000
3050-T,DJHD,東証1部,651.00,659.00,645.00,648.00,69100,45057800
3050-O,DJHD,大証1部,,,,,0,0
3050-S,DJHD,札証,,,,,0,0
3053-T,ペッパー,東証マザーズ,67100.00,67100.00,67100.00,67100.00,11,738100
3054-J,ハイパー,JQ,,,,,0,0
3055-S,ほくたけ,札証,,,,,0,0
3058-J,三洋堂,JQ,,,,,0,0
3059-T,ヒラキ,東証2部,426.00,427.00,426.00,427.00,200,85300
3060-T,マガシーク,東証マザーズ,94000.00,94000.00,92000.00,92000.00,12,1117200
3062-J,アライドハーツ,JQ,200.00,210.00,200.00,207.00,62000,12649000
3063-T,Jプロ,東証マザーズ,69400.00,69400.00,68300.00,68300.00,5,344900
3064-T,MonotaRO,東証マザーズ,1176.00,1176.00,1150.00,1151.00,4800,5586300
3065-J,ライフフーズ,JQ,160.00,160.00,160.00,160.00,1000,160000
3067-T,東京一番,東証マザーズ,19800.00,19800.00,19700.00,19700.00,13,257100
3068-J,WDI,JQ,335.00,340.00,332.00,340.00,1700,569400
3069-H,アスラポート,HCスタンダード,9900.00,10200.00,9700.00,10200.00,649,6457310
3070-H,アマガサ,HCグロース,119500.00,119500.00,119500.00,119500.00,4,478000
3071-T,ストリーム,東証マザーズ,59000.00,59000.00,58600.00,58700.00,11,646600
3073-H,ダイヤD,HCグロース,488000.00,488000.00,471000.00,474000.00,177,84990000
3075-J,銚子丸,JQ,35600.00,35600.00,35600.00,35600.00,10,356000
3076-T,あいHD,東証1部,324.00,326.00,317.00,318.00,102000,32792600
3077-J,ホリイフード,JQ,920.00,920.00,870.00,880.00,4300,3876800
3078-T,ユニバース,東証1部,1247.00,1256.00,1247.00,1250.00,17000,21286600
3079-J,DVx,JQ,1440.00,1440.00,1420.00,1439.00,1600,2298000
3080-H,ジェーソン,HCスタンダード,,,,,0,0
3082-H,きちり,HCグロース,67000.00,67000.00,67000.00,67000.00,2,134000
3083-H,シーズメン,HCスタンダード,72000.00,72000.00,71900.00,71900.00,4,287900
3085-J,ALサービス,JQ,142500.00,143900.00,142000.00,143100.00,18,2573300
3086-T,Jフロント,東証1部,446.00,450.00,441.00,444.00,612000,272292000
3086-O,Jフロント,大証1部,,,,,0,0
3087-T,ドトル日レス,東証1部,1268.00,1268.00,1250.00,1251.00,151600,190284100
3088-T,マツモトキヨシ,東証1部,2010.00,2020.00,1991.00,2005.00,57900,115867000
3089-H,テクノアルファ,HCグロース,153000.00,153000.00,152500.00,152500.00,9,1375000
3090-H,ミネルヴァHD,HCグロース,73000.00,73100.00,73000.00,73100.00,16,1168400
3091-J,ブロンコB,JQ,1231.00,1235.00,1229.00,1229.00,1500,1849100
3092-T,スタートトゥ,東証マザーズ,136300.00,141900.00,136000.00,140000.00,1910,265616300
3093-T,トレファク,東証マザーズ,162400.00,164500.00,160000.00,164500.00,23,3717500
3094-J,スーパーV,JQ,1331.00,1331.00,1330.00,1330.00,500,665100
3095-J,大西電気,JQ,1396.00,1400.00,1395.00,1398.00,3500,4891000
3096-J,オーシャン,JQ,663.00,663.00,658.00,661.00,2000,1323200
3097-J,物語コーポ,JQ,2615.00,2695.00,2615.00,2685.00,1900,5048500
3098-T,ココカラファイン,東証1部,1465.00,1479.00,1454.00,1455.00,4000,5843500
3099-T,ミツコシイセタン,東証1部,942.00,959.00,936.00,941.00,638600,604580400
3101-T,東洋紡,東証1部,163.00,164.00,160.00,160.00,1520000,246035000
3101-O,東洋紡,大証1部,,,,,0,0
3103-T,ユニチカ,東証1部,86.00,86.00,85.00,85.00,304000,26086000
3103-O,ユニチカ,大証1部,,,,,0,0
3104-T,富士紡HD,東証1部,115.00,120.00,112.00,119.00,3774000,439780000
3104-O,富士紡HD,大証1部,,,,,0,0
3105-T,日清紡HD,東証1部,1115.00,1133.00,1094.00,1099.00,479000,532509000
3105-O,日清紡HD,大証1部,,,,,0,0
3105-S,日清紡HD,札証,,,,,0,0
3105-F,日清紡HD,福証,,,,,0,0
3106-T,クラボウ,東証1部,197.00,198.00,194.00,196.00,299000,58441000
3106-O,クラボウ,大証1部,,,,,0,0
3107-T,ダイワボHD,東証1部,288.00,294.00,286.00,288.00,1435000,416609000
3107-O,ダイワボHD,大証1部,,,,,0,0
3109-T,シキボウ,東証1部,152.00,154.00,150.00,151.00,1589000,242203000
3109-O,シキボウ,大証1部,,,,,0,0
3110-T,日東紡,東証1部,173.00,174.00,170.00,171.00,351000,60523000
3110-O,日東紡,大証1部,,,,,0,0
3111-T,オーミケンシ,東証2部,65.00,66.00,62.00,66.00,324000,20797000
3111-O,オーミケンシ,大証2部,,,,,0,0
3113-T,Oak,東証2部,21.00,21.00,20.00,21.00,188000,3947000
3114-O,プロジェHD,大証2部,32.00,32.00,31.00,32.00,103000,3283000
3116-T,トヨタ紡織,東証1部,1561.00,1592.00,1543.00,1559.00,777800,1221413600
3117-O,興和紡,大証1部,340.00,349.00,340.00,343.00,28000,9617000
3121-O,マーチャント,大証2部,65.00,66.00,59.00,61.00,4859000,304175000
3121-F,マーチャント,福証,,,,,0,0
3123-T,サイボー,東証2部,,,,,0,0
3125-O,内外綿,大証2部,83.00,86.00,82.00,83.00,53000,4424000
3128-O,テラボウ,大証2部,66.00,66.00,66.00,66.00,2000,132000
3129-O,ファブリカT,大証2部,138.00,139.00,135.00,138.00,6000,826000
3140-H,イデアインター,HCグロース,,,,,0,0
3141-T,グローウェル,東証2部,1410.00,1420.00,1405.00,1405.00,3300,4660600
3143-J,オーウイル,JQ,510.00,526.00,509.00,511.00,20000,10309600
3146-J,Radish,JQ,630.00,635.00,628.00,632.00,2400,1515900
3147-H,リック,HCスタンダード,213.00,220.00,208.00,215.00,7800,1676800
3148-T,クリエイトSDH,東証1部,1830.00,1840.00,1818.00,1818.00,10000,18291100
3150-J,UBエナジー,JQ,1550.00,1555.00,1500.00,1500.00,3800,5759200
3151-T,バイタルKSK,東証1部,505.00,515.00,491.00,499.00,7700,3884800
3153-T,八洲電機,東証2部,463.00,477.00,451.00,456.00,66300,30783900
3154-J,協和医科,JQ,3050.00,3050.00,2950.00,2950.00,200,600000
3201-T,ニッケ,東証1部,687.00,688.00,670.00,682.00,34000,23123000
3201-O,ニッケ,大証1部,,,,,0,0
3202-T,大東紡,東証1部,89.00,89.00,86.00,87.00,251000,22134000
3204-T,トーア紡,東証1部,76.00,79.00,75.00,76.00,633000,48555000
3204-O,トーア紡,大証1部,,,,,0,0
3205-T,ダイドリミ,東証1部,644.00,644.00,628.00,629.00,36500,23172200
3209-O,カネヨウ,大証2部,60.00,74.00,60.00,65.00,2540000,173113000
3216-T,御幸HD,東証1部,321.00,321.00,320.00,320.00,5000,1603000
3216-O,御幸HD,大証1部,,,,,0,0
3225-T,東建不販,東証1部,318.00,321.00,316.00,316.00,15500,4939400
3226-T,アコモF,東証,445000.00,448000.00,444000.00,447000.00,22,9808000
3227-T,MID,東証,221600.00,223000.00,219100.00,219800.00,144,31796400
3229-T,日本コマ,東証,186300.00,187000.00,184200.00,184200.00,799,148419800
3230-H,スター･マイカ,HCスタンダード,76300.00,76600.00,73000.00,76600.00,193,14516900
3231-T,野村不HD,東証1部,1617.00,1645.00,1610.00,1613.00,368900,601578600
3234-T,森ヒルズ,東証,363000.00,367000.00,363000.00,366000.00,79,28809000
3235-F,トラストパーク,福証Q-Board,,,,,0,0
3236-J,プロパスト,JQ,3930.00,3970.00,3710.00,3730.00,4127,15682720
3237-T,イントランス,東証マザーズ,13340.00,13340.00,13000.00,13030.00,15,197740
3238-T,セントラル総,東証2部,160.00,160.00,153.00,153.00,22300,3475500
3239-J,総和地所,JQ,2010.00,2220.00,1951.00,2220.00,20063,41911249
3240-T,野村レジ,東証,390000.00,392000.00,388000.00,389000.00,96,37463000
3241-J,ウィル,JQ,,,,,0,0
3242-J,アーバネット,JQ,22400.00,22400.00,22100.00,22100.00,4,89290
3243-F,ダイヨシトラス,福証Q-Board,99500.00,99500.00,99500.00,99500.00,3,298500
3244-H,サムティ,HCスタンダード,33950.00,34400.00,33950.00,34400.00,10,340150
3245-T,ディア･ライフ,東証マザーズ,14800.00,14800.00,14700.00,14700.00,6,88700
3246-F,コーセーアールイ,福証,,,,,0,0
3248-T,アールエイジ,東証マザーズ,145000.00,145000.00,141500.00,142000.00,3,428500
3249-T,産業ファ,東証,265200.00,267500.00,263200.00,263300.00,143,37911300
3250-J,ADワークス,JQ,22470.00,22470.00,22470.00,22470.00,3,67410
3251-T,PMO,東証マザーズ,10050.00,10050.00,9700.00,9850.00,130,1302400
3254-T,プレサンス,東証2部,165100.00,167900.00,163000.00,163500.00,57,9403400
3258-T,常和HD,東証2部,1750.00,1759.00,1711.00,1728.00,40700,70931700
3259-J,グロ住,JQ,69000.00,73000.00,69000.00,69500.00,53,3691000
3264-J,アスコット,JQ,183.00,185.00,172.00,177.00,73200,13089300
3265-T,ヒューリック,東証1部,532.00,565.00,532.00,561.00,351500,193038700
3266-J,ファンドクリG,JQ,96.00,96.00,93.00,94.00,14500,1363800
3302-T,帝繊維,東証1部,447.00,450.00,445.00,450.00,15000,6714000
3306-T,日本麻,東証2部,43.00,44.00,43.00,43.00,38000,1637000
3311-T,アップガレー,東証マザーズ,35000.00,35000.00,35000.00,35000.00,17,595000
3313-T,ブックオフ,東証1部,1110.00,1234.00,1101.00,1205.00,140600,165029700
3315-T,日本コークス,東証1部,119.00,120.00,116.00,117.00,1428500,169016000
3316-J,東日システム,JQ,55000.00,55000.00,54500.00,54500.00,5,273000
3317-J,フライングG,JQ,,,,,0,0
3318-J,メガネスーパ,JQ,137.00,138.00,137.00,137.00,10600,1454000
3319-T,GDO,東証マザーズ,20890.00,20900.00,20550.00,20550.00,24,500020
3320-T,クロスプラス,東証2部,,,,,0,0
3321-T,ミタチ,東証1部,530.00,533.00,520.00,530.00,12600,6620500
3322-J,アルファG,JQ,,,,,0,0
3323-H,レカムHD,HCスタンダード,6100.00,6100.00,5900.00,6100.00,21,127150
3325-T,ケンコーコム,東証マザーズ,40000.00,40100.00,40000.00,40100.00,5,200100
3326-J,ランシステム,JQ,50000.00,52300.00,50000.00,52000.00,30,1527300
3328-T,ネットプライス,東証マザーズ,90000.00,92600.00,89700.00,90000.00,138,12589200
3329-J,東和フード,JQ,,,,,0,0
3330-T,アガスタ,東証マザーズ,,,,,0,0
3331-J,雑貨屋BL,JQ,415.00,429.00,411.00,429.00,14600,6158700
3332-T,JFE商HD,東証1部,335.00,337.00,334.00,334.00,124000,41626000
3332-O,JFE商HD,大証1部,,,,,0,0
3333-T,あさひ,東証1部,2805.00,2910.00,2800.00,2850.00,46500,132347500
3335-J,ADM,JQ,377.00,378.00,375.00,378.00,2900,1093200
3337-T,サークルKS,東証1部,1510.00,1557.00,1509.00,1533.00,104100,159727000
3338-J,九九プラス,JQ,115000.00,115000.00,114000.00,114000.00,13,1491000
3341-T,日本調剤,東証1部,1665.00,1665.00,1631.00,1637.00,3840,6329430
3343-T,チップワン,東証マザーズ,33850.00,35000.00,33850.00,35000.00,10,344300
3344-J,ワンダーCO.,JQ,97000.00,106000.00,97000.00,106000.00,71,6949200
3347-T,トラスト,東証マザーズ,8700.00,8730.00,8500.00,8540.00,30,258470
3348-J,ジー･トレ,JQ,3710.00,3710.00,3600.00,3700.00,12,43910
3349-T,コスモス薬品,東証1部,1804.00,1839.00,1804.00,1817.00,16400,29832000
3350-J,D-サウンド,JQ,4220.00,4230.00,4220.00,4220.00,69,291190
3352-J,バッファロー,JQ,64500.00,67000.00,64500.00,67000.00,21,1370500
3353-J,メディ一光,JQ,,,,,0,0
3354-J,チェルト,JQ,1459.00,1459.00,1426.00,1428.00,8200,11816100
3355-T,クリヤマ,東証2部,209.00,210.00,208.00,209.00,6100,1273800
3356-J,テリロジー,JQ,10810.00,11400.00,10810.00,11400.00,102,1117960
3358-J,ワイエスフード,JQ,32700.00,32700.00,32500.00,32500.00,4,130200
3359-F,タイセイ,福証Q-Board,,,,,0,0
3360-T,グリーンHS,東証1部,56700.00,57600.00,56500.00,56700.00,557,31661600
3361-J,トーエル,JQ,253.00,253.00,253.00,253.00,2000,506000
3362-T,チムニー,東証2部,1700.00,1700.00,1695.00,1695.00,600,1019500
3364-J,ナルミヤインター,JQ,36250.00,36250.00,35500.00,35750.00,33,1188000
3367-J,グリーンF,JQ,33700.00,33700.00,33700.00,33700.00,5,168500
3370-J,フジタコーポ,JQ,54000.00,54000.00,54000.00,54000.00,1,54000
3371-T,ソフトクリエイト,東証2部,826.00,826.00,809.00,815.00,5600,4583300
3372-T,関門海,東証マザーズ,87200.00,87200.00,87000.00,87100.00,4,348500
3373-T,リンクセオリー,東証マザーズ,167200.00,167200.00,167200.00,167200.00,1,167200
3374-J,内外テック,JQ,170.00,170.00,170.00,170.00,4000,680000
3375-J,ZOA,JQ,56800.00,56800.00,56800.00,56800.00,10,568000
3376-H,オンリー,HCスタンダード,50700.00,50700.00,49800.00,49800.00,79,3971400
3377-T,アイケイコーポ,東証2部,31500.00,31650.00,30700.00,31000.00,135,4206350
3381-J,ビズネット,JQ,87.00,87.00,83.00,85.00,81000,6889000
3382-T,7&I-HD,東証1部,2150.00,2175.00,2150.00,2155.00,1541300,3331136000
3385-J,薬王堂,JQ,85900.00,85900.00,83000.00,83000.00,25,2119200
3386-J,コスモ･バイオ,JQ,45000.00,45400.00,44500.00,45400.00,9,404400
3387-T,クリエイトR,東証マザーズ,587.00,591.00,585.00,591.00,4100,2412700
3388-J,明治電機,JQ,,,,,0,0
3390-J,USシステムズ,JQ,7280.00,7280.00,6850.00,7000.00,28,198450
3391-T,ツルハHD,東証1部,3130.00,3160.00,3080.00,3130.00,23000,71850000
3392-T,デリカフーズ,東証2部,127000.00,127000.00,122400.00,124400.00,14,1770800
3393-T,スターティア,東証マザーズ,50100.00,50100.00,50100.00,50100.00,1,50100
3394-T,NVC,東証マザーズ,,,,,0,0
3395-T,サンマルクHD,東証1部,3130.00,3140.00,3070.00,3070.00,14900,46244000
3396-T,フェリシモ,東証1部,1664.00,1700.00,1649.00,1695.00,10100,16933900
3397-T,トリドール,東証1部,180000.00,188000.00,178100.00,181000.00,1112,202966300
3398-T,クスリのアオキ,東証2部,1016.00,1020.00,1000.00,1000.00,24000,24180100
3399-J,山岡家,JQ,120000.00,120000.00,120000.00,120000.00,2,240000
3401-T,帝人,東証1部,300.00,304.00,296.00,299.00,2303000,691171000
3401-O,帝人,大証1部,,,,,0,0
3402-T,東レ,東証1部,483.00,484.00,478.00,480.00,1994000,957638000
3402-O,東レ,大証1部,,,,,0,0
3402-S,東レ,札証,,,,,0,0
3402-F,東レ,福証,,,,,0,0
3404-T,三菱レ,東証1部,267.00,268.00,260.00,260.00,1330000,351393000
3404-O,三菱レ,大証1部,,,,,0,0
3405-T,クラレ,東証1部,1067.00,1079.00,1054.00,1059.00,362000,386565000
3405-O,クラレ,大証1部,,,,,0,0
3407-T,旭化成,東証1部,477.00,486.00,474.00,475.00,1400000,671200000
3407-O,旭化成,大証1部,,,,,0,0
3407-S,旭化成,札証,,,,,0,0
3407-F,旭化成,福証,,,,,0,0
3408-T,サカイオーベ,東証1部,99.00,100.00,99.00,99.00,79000,7822000
3409-O,北日紡,大証2部,46.00,48.00,46.00,48.00,141000,6666000
3411-O,オートリ,大証2部,84.00,84.00,82.00,82.00,8000,664000
3420-O,ケーエフシー,大証2部,633.00,633.00,616.00,619.00,4000,2501000
3421-T,稲葉製作,東証1部,980.00,984.00,980.00,984.00,12100,11874700
3423-J,エスイー,JQ,,,,,0,0
3424-J,ミヤコ,JQ,,,,,0,0
3426-J,アトムリビン,JQ,600.00,600.00,600.00,600.00,100,60000
3429-J,ストロベリー,JQ,72000.00,73000.00,72000.00,73000.00,3,217900
3431-T,宮地エンジ,東証1部,100.00,109.00,100.00,103.00,2604000,275061000
3432-T,三協立山,東証1部,85.00,87.00,85.00,86.00,214000,18344000
3432-O,三協立山,大証1部,,,,,0,0
3433-T,トーカロ,東証1部,1395.00,1419.00,1383.00,1400.00,33500,46978700
3434-T,アルファCo,東証1部,545.00,545.00,537.00,538.00,11400,6172400
3435-J,サンコーテクノ,JQ,1570.00,1570.00,1570.00,1570.00,1000,1570000
3436-T,SUMCO,東証1部,1390.00,1399.00,1360.00,1365.00,579500,800993800
3437-J,特殊電極,JQ,210.00,210.00,207.00,207.00,5000,1044000
3439-J,三ツ知,JQ,647.00,650.00,647.00,650.00,700,453600
3440-F,日創プロ,福証Q-Board,,,,,0,0
3441-J,山王,JQ,3750.00,3750.00,3750.00,3750.00,50,187500
3443-T,川田TECH,東証1部,1383.00,1400.00,1383.00,1383.00,1800,2496200
3443-O,川田TECH,大証1部,,,,,0,0
3501-T,住江織,東証1部,133.00,136.00,130.00,132.00,37000,4925000
3501-O,住江織,大証1部,,,,,0,0
3512-T,日フエルト,東証1部,418.00,423.00,418.00,418.00,3300,1384700
3513-T,イチカワ,東証1部,257.00,257.00,246.00,254.00,101000,25586000
3514-T,日バイリン,東証1部,489.00,491.00,482.00,482.00,30000,14631000
3515-J,フジコー,JQ,785.00,785.00,785.00,785.00,2000,1570000
3521-T,エコナック,東証1部,60.00,64.00,60.00,62.00,1176000,73484000
3521-O,エコナック,大証1部,,,,,0,0
3524-T,日東網,東証1部,134.00,140.00,129.00,136.00,590000,80605000
3524-O,日東網,大証1部,,,,,0,0
3526-T,芦森工,東証1部,156.00,156.00,153.00,153.00,17000,2630000
3526-O,芦森工,大証1部,,,,,0,0
3528-T,グローベルス,東証2部,28.00,30.00,28.00,29.00,184000,5280000
3529-T,アツギ,東証1部,134.00,135.00,134.00,134.00,84000,11264000
3529-O,アツギ,大証1部,,,,,0,0
3534-T,NBC,東証2部,990.00,990.00,950.00,959.00,6500,6337800
3551-T,ダイニック,東証1部,175.00,175.00,168.00,169.00,130000,22436000
3552-O,洋クロス,大証2部,139.00,139.00,139.00,139.00,2000,278000
3553-T,共和レザ,東証1部,398.00,398.00,395.00,395.00,2700,1071900
3569-T,セーレン,東証1部,484.00,492.00,480.00,484.00,33100,16068000
3571-T,ソトー,東証2部,1020.00,1045.00,1020.00,1040.00,5100,5242900
3577-T,東海染,東証1部,98.00,98.00,93.00,94.00,102000,9705000
3578-O,倉庫精,大証2部,96.00,96.00,96.00,96.00,1000,96000
3580-T,小松精,東証1部,361.00,361.00,355.00,355.00,45000,16156000
3583-T,オーベクス,東証2部,69.00,69.00,68.00,68.00,7000,478000
3587-J,IBダイワ,JQ,6.00,6.00,5.00,5.00,436000,2591000
3591-T,ワコールHD,東証1部,1186.00,1188.00,1180.00,1185.00,45000,53317000
3591-O,ワコールHD,大証1部,,,,,0,0
3593-T,ホギメディ,東証1部,4870.00,4890.00,4860.00,4880.00,33500,163436000
3594-J,モリシタ,JQ,610.00,610.00,570.00,580.00,4700,2790000
3597-T,自重堂,東証2部,704.00,705.00,704.00,705.00,2000,1409000
3598-O,山喜,大証2部,121.00,121.00,118.00,118.00,1100,132800
3599-J,コーコス信岡,JQ,570.00,575.00,570.00,575.00,4900,2794000
3600-O,フジックス,大証2部,,,,,0,0
3604-T,川本産業,東証2部,485.00,485.00,485.00,485.00,5000,2425000
3604-O,川本産業,大証2部,,,,,0,0
3605-T,サンエー･インタ,東証1部,880.00,880.00,847.00,863.00,17600,15262200
3606-T,レナウン,東証1部,219.00,225.00,219.00,222.00,130000,28908000
3607-T,クラウディア,東証1部,1451.00,1455.00,1372.00,1400.00,26600,37432400
3607-O,クラウディア,大証1部,,,,,0,0
3620-T,Dハーツ,東証マザーズ,274000.00,288400.00,274000.00,285000.00,290,82145300
3622-T,ネットイヤー,東証マザーズ,23150.00,24380.00,22900.00,24100.00,682,16185260
3623-T,ビリングシス,東証マザーズ,135200.00,143500.00,135000.00,140000.00,513,71374900
3624-T,アクセルマーク,東証マザーズ,38450.00,38450.00,38200.00,38200.00,11,420750
3625-H,テックファーム,HCグロース,47600.00,48000.00,47600.00,47900.00,10,478400
3626-T,ITHD,東証1部,1760.00,1789.00,1756.00,1781.00,131300,233605600
3627-T,Pワークス,東証マザーズ,202500.00,208800.00,202200.00,202400.00,124,25297700
3628-T,データHR,東証マザーズ,4550.00,4640.00,4550.00,4600.00,13500,61809000
3629-T,クロスマーケ,東証マザーズ,563.00,643.00,548.00,597.00,65300,39708700
3630-T,電算システム,東証2部,775.00,775.00,766.00,770.00,4800,3697300
3632-T,グリー,東証マザーズ,7150.00,7430.00,7120.00,7320.00,43300,316246000
3633-J,ペパボ,JQ,2500.00,2500.00,2460.00,2460.00,1400,3489000
3634-T,ソケッツ,東証マザーズ,7900.00,8100.00,7860.00,8000.00,5100,40646000
3635-T,コーエーテクモ,東証1部,711.00,712.00,703.00,708.00,67000,47392900
3708-T,特種東海,東証1部,254.00,254.00,251.00,251.00,24000,6065000
3710-H,ジョルダン,HCグロース,708.00,729.00,682.00,729.00,2000,1398300
3711-J,創通,JQ,2315.00,2315.00,2315.00,2315.00,100,231500
3712-T,情報企画,東証マザーズ,52500.00,52600.00,52500.00,52600.00,7,367600
3713-T,ネットマークス,東証2部,33900.00,33950.00,32700.00,33300.00,62,2091950
3715-T,ドワンゴ,東証1部,141800.00,148000.00,140500.00,147100.00,1923,279131500
3719-J,BBH,JQ,88.00,90.00,85.00,86.00,113300,9858700
3722-T,ベリサイン,東証マザーズ,43700.00,44700.00,43650.00,44500.00,421,18631850
3723-T,ファルコム,東証マザーズ,29150.00,29150.00,28900.00,29000.00,22,637560
3724-T,ベリサーブ,東証1部,173100.00,177800.00,173000.00,177800.00,5,870200
3726-T,フェヴリナ,東証マザーズ,3650.00,3820.00,3650.00,3740.00,1636,6137710
3727-T,アプリックス,東証マザーズ,73000.00,77200.00,73000.00,76900.00,310,23342500
3730-T,マクロミル,東証1部,108200.00,108500.00,107400.00,108100.00,267,28866900
3731-T,京王ズ,東証マザーズ,25250.00,27500.00,24750.00,26100.00,441,11471050
3732-H,イーウェーヴ,HCグロース,70000.00,70500.00,70000.00,70500.00,19,1333500
3733-H,ソフトウェアサー,HCスタンダード,1172.00,1172.00,1160.00,1160.00,2600,3038100
3734-T,MPHD,東証マザーズ,32600.00,32600.00,32600.00,32600.00,5,163000
3735-T,日立システム,東証2部,1400.00,1400.00,1355.00,1370.00,10300,14169300
3736-T,コネクトテクノロ,東証マザーズ,49300.00,49300.00,48900.00,49100.00,9,441900
3738-T,ティーガイア,東証1部,127900.00,128700.00,126700.00,128300.00,177,22674700
3741-J,セック,JQ,1060.00,1060.00,1059.00,1060.00,1900,2013800
3742-T,デュオシステム,東証マザーズ,8350.00,8440.00,7910.00,8210.00,18,147610
3744-T,サイオス,東証マザーズ,28810.00,29500.00,28750.00,29500.00,10,290730
3745-T,サミーネット,東証マザーズ,350000.00,350000.00,330000.00,337000.00,565,193511000
3746-T,MEX,東証マザーズ,23550.00,23550.00,23520.00,23520.00,26,611960
3747-T,インタトレード,東証マザーズ,29030.00,29500.00,29030.00,29030.00,15,437800
3749-H,SBIベリトラ,HCグロース,56900.00,58400.00,56900.00,57800.00,190,10967100
3750-T,セブンシーズ,東証2部,60.00,63.00,58.00,63.00,52000,3121000
3751-T,日本アG,東証マザーズ,11370.00,11370.00,11170.00,11170.00,27,306390
3752-J,ワイズマン,JQ,41800.00,41900.00,41600.00,41600.00,18,752000
3753-T,フライトシステム,東証マザーズ,31600.00,31600.00,31600.00,31600.00,47,1485200
3754-J,エキサイト,JQ,47500.00,47900.00,46700.00,47500.00,11,520500
3755-T,ゴンゾ,東証マザーズ,995.00,995.00,892.00,910.00,2406,2255929
3756-T,豆蔵,東証マザーズ,49050.00,49850.00,49050.00,49850.00,6,295150
3758-H,アエリア,HCスタンダード,48800.00,49800.00,48000.00,48000.00,45,2186050
3760-H,ケイブ,HCグロース,220000.00,222000.00,215700.00,222000.00,182,39840300
3762-J,テクマトリックス,JQ,46150.00,46850.00,45900.00,46850.00,32,1476900
3763-J,プロシップ,JQ,1131.00,1145.00,1125.00,1140.00,2800,3192800
3765-H,ガンホー,HCグロース,252800.00,259800.00,247000.00,255800.00,184,46732600
3766-J,システムズD,JQ,335.00,335.00,335.00,335.00,1000,335000
3767-T,ネクステック,東証マザーズ,1080.00,1080.00,880.00,930.00,1061,999156
3768-H,リスクモンスター,HCグロース,66500.00,70800.00,66000.00,70400.00,275,19058400
3769-T,GMOPG,東証1部,114200.00,117400.00,113500.00,114300.00,291,33431800
3770-T,ザッパラス,東証1部,199000.00,203500.00,197800.00,201500.00,1425,286630600
3771-J,システムリサーチ,JQ,1058.00,1058.00,1050.00,1050.00,1100,1161600
3772-T,DREAMVSR,東証マザーズ,68800.00,68800.00,68800.00,68800.00,1,68800
3773-T,AMI,東証マザーズ,51400.00,52000.00,51200.00,51200.00,97,4999200
3774-T,IIJ,東証1部,143300.00,144100.00,140800.00,143000.00,141,20092900
3776-H,ブロバンタワ,HCグロース,45200.00,46500.00,43900.00,46000.00,606,27651000
3777-H,TLH,HCグロース,14800.00,15090.00,14630.00,14830.00,150,2219080
3778-T,さくら,東証マザーズ,51200.00,52800.00,51200.00,52600.00,32,1672400
3779-J,J･エスコムHD,JQ,24.00,40.00,24.00,33.00,12202000,394383000
3780-T,メビックス,東証マザーズ,67700.00,67700.00,67700.00,67700.00,2,135400
3782-T,DDS,東証マザーズ,30000.00,30700.00,30000.00,30700.00,45,1363500
3783-T,ナノ･メディア,東証マザーズ,33900.00,33900.00,32550.00,32550.00,29,952250
3784-J,ヴィンキュラム,JQ,,,,,0,0
3785-T,エイティング,東証マザーズ,48000.00,50000.00,48000.00,48600.00,17,840000
3786-T,TXBB,東証マザーズ,109700.00,109700.00,109000.00,109300.00,14,1532500
3787-T,テクノマセマティ,東証マザーズ,210100.00,227000.00,206000.00,221000.00,209,45201900
3788-T,GMO-HS,東証マザーズ,76100.00,77000.00,75200.00,76400.00,704,53506600
3789-T,ソネット,東証1部,198300.00,201100.00,197500.00,199800.00,674,134054000
3790-J,日本オフィス,JQ,1335.00,1335.00,1335.00,1335.00,200,267000
3791-J,IGポート,JQ,58000.00,58100.00,58000.00,58100.00,7,406200
3793-T,ドリコム,東証マザーズ,229600.00,232000.00,227300.00,231000.00,10,2300700
3794-J,NDソフトウェア,JQ,865.00,865.00,860.00,860.00,1400,1207800
3796-T,いい生活,東証マザーズ,53100.00,53300.00,52700.00,53300.00,42,2223600
3798-J,ウルシステムズ,JQ,27980.00,27980.00,27310.00,27310.00,12,332290
3799-T,キーウェア,東証2部,,,,,0,0
3800-J,ビーエスピー,JQ,,,,,0,0
3802-S,エコミック,札証アンビシャス,,,,,0,0
3803-H,イメージINF,HCグロース,,,,,0,0
3804-H,システムディ,HCスタンダード,,,,,0,0
3807-H,フィスコ,HCグロース,61000.00,61000.00,61000.00,61000.00,41,2501000
3809-H,バリオセキュア,HCグロース,84900.00,85000.00,84100.00,84600.00,29,2457300
3810-T,サイバーS,東証マザーズ,46000.00,48200.00,46000.00,46500.00,33,1551000
3811-H,ビットアイル,HCスタンダード,67000.00,67000.00,65500.00,65700.00,235,15549800
3812-T,ゲームオン,東証マザーズ,109700.00,113800.00,108200.00,112500.00,73,8157500
3813-H,ゴメスC,HCグロース,54700.00,54800.00,54100.00,54100.00,15,818800
3814-H,アルファクスFS,HCグロース,,,,,0,0
3815-T,メディ工房,東証マザーズ,51200.00,51200.00,50000.00,50000.00,32,1635400
3816-J,大和コン,JQ,1170.00,1240.00,1169.00,1240.00,1600,1896500
3817-T,SRAHD,東証1部,845.00,865.00,845.00,860.00,12800,10886400
3818-J,バンクテックJ,JQ,51400.00,51800.00,50900.00,51800.00,72,3696400
3820-T,JBIS,東証1部,370.00,370.00,363.00,363.00,5600,2052100
3822-J,JSC,JQ,544.00,544.00,544.00,544.00,200,108800
3823-T,アクロディア,東証マザーズ,86100.00,90000.00,84300.00,87100.00,1456,126547100
3824-F,メディア5,福証Q-Board,31700.00,31700.00,31700.00,31700.00,1,31700
3825-T,REMIX,東証マザーズ,44400.00,44500.00,44400.00,44400.00,5,222100
3826-T,システムインテ,東証マザーズ,87800.00,88500.00,87800.00,88100.00,8,704400
3827-T,Jインベスト,東証マザーズ外国,9800.00,9900.00,9800.00,9900.00,19,187400
3828-T,ニフティ,東証2部,84800.00,84800.00,83600.00,84100.00,21,1768800
3831-T,PBITS,東証マザーズ,101000.00,101000.00,101000.00,101000.00,5,505000
3832-H,T&CHD,HCグロース,77000.00,77000.00,76000.00,76000.00,3,229000
3834-T,朝日ネット,東証1部,300.00,300.00,296.00,298.00,35000,10417000
3835-H,eBASE,HCグロース,260000.00,260000.00,260000.00,260000.00,3,780000
3836-H,ディーバ,HCグロース,137500.00,137500.00,137500.00,137500.00,1,137500
3837-J,アドソル,JQ,,,,,0,0
3838-T,AQI,東証2部,70000.00,70900.00,69000.00,70900.00,72,5024700
3839-H,ODK,HCスタンダード,27760.00,27910.00,27760.00,27910.00,4,111190
3840-T,イー･キャッシュ,東証マザーズ,20480.00,20500.00,20020.00,20050.00,56,1126700
3841-J,ジーダット,JQ,68000.00,68000.00,68000.00,68000.00,1,68000
3842-H,ネクストジェン,HCグロース,84300.00,84300.00,81500.00,81600.00,9,743700
3843-T,フリービット,東証マザーズ,593000.00,610000.00,592000.00,605000.00,704,425102000
3844-J,コムチュア,JQ,99900.00,99900.00,99000.00,99000.00,2,198900
3845-H,アイフリーク,HCグロース,56600.00,57800.00,55900.00,57800.00,26,1465200
3846-J,エイチアイ,JQ,63300.00,64500.00,63300.00,64500.00,43,2735400
3847-J,パシフィックS,JQ,,,,,0,0
3848-J,データアプリ,JQ,,,,,0,0
3849-S,NTL,札証アンビシャス,,,,,0,0
3850-T,NTTDIM,東証マザーズ,187000.00,187500.00,187000.00,187500.00,3,561600
3851-J,日本一S,JQ,42500.00,42500.00,42500.00,42500.00,14,595000
3852-J,サイバーコム,JQ,1070.00,1080.00,1070.00,1080.00,700,754500
3853-T,インフォテリア,東証マザーズ,14490.00,15200.00,14490.00,14900.00,24,355730
3854-H,アイル,HCグロース,,,,,0,0
3856-T,リアルコム,東証マザーズ,32750.00,32750.00,31500.00,31500.00,2,64250
3857-J,ラックHD,JQ,275.00,275.00,265.00,265.00,3300,883400
3858-J,ユビキタス,JQNEO,46300.00,48250.00,45900.00,48000.00,238,11283800
3859-H,シナジーM,HCグロース,700.00,711.00,700.00,700.00,11700,8244500
3861-T,王子製紙,東証1部,397.00,400.00,394.00,394.00,1287000,510479000
3861-O,王子製紙,大証1部,,,,,0,0
3864-T,三菱紙,東証1部,135.00,135.00,133.00,134.00,475000,63755000
3864-O,三菱紙,大証1部,,,,,0,0
3865-T,北越紙,東証1部,445.00,449.00,441.00,443.00,312000,138546500
3865-O,北越紙,大証1部,,,,,0,0
3877-T,中越パル,東証1部,230.00,234.00,230.00,230.00,26000,6016000
3877-O,中越パル,大証1部,,,,,0,0
3878-T,巴川紙,東証1部,248.00,253.00,241.00,243.00,518000,128644000
3880-T,大王紙,東証1部,809.00,809.00,794.00,795.00,26000,20835000
3882-T,紀州紙,東証1部,89.00,89.00,87.00,87.00,178000,15614000
3882-O,紀州紙,大証1部,,,,,0,0
3891-J,高度紙,JQ,689.00,715.00,685.00,685.00,6000,4164000
3892-J,岡山製紙,JQ,,,,,0,0
3893-T,日本紙,東証1部,2415.00,2430.00,2400.00,2405.00,129200,311879500
3893-O,日本紙,大証1部,,,,,0,0
3895-J,ハビックス,JQ,321.00,321.00,321.00,321.00,1000,321000
3941-T,レンゴー,東証1部,590.00,597.00,582.00,592.00,374000,220806000
3941-O,レンゴー,大証1部,,,,,0,0
3943-F,大石産,福証,579.00,579.00,579.00,579.00,5000,2895000
3944-O,古林紙,大証2部,,,,,0,0
3945-T,スパバック,東証2部,138.00,138.00,138.00,138.00,1000,138000
3946-T,トーモク,東証1部,195.00,197.00,192.00,192.00,107000,20844000
3946-S,トーモク,札証,,,,,0,0
3947-T,ダイナパック,東証2部,303.00,303.00,303.00,303.00,13000,3939000
3948-J,光ビジ,JQ,695.00,695.00,683.00,683.00,5000,3453000
3950-T,ザ･パック,東証1部,1420.00,1428.00,1416.00,1418.00,6700,9520900
3950-O,ザ･パック,大証1部,,,,,0,0
3951-T,朝日印刷,東証2部,1329.00,1329.00,1317.00,1317.00,1400,1858300
3953-J,大村紙業,JQ,,,,,0,0
3954-J,PAXXS,JQ,,,,,0,0
3955-T,イムラ封筒,東証2部,269.00,269.00,269.00,269.00,1000,269000
3955-O,イムラ封筒,大証2部,,,,,0,0
3956-J,国際チャート,JQ,370.00,370.00,370.00,370.00,600,222000
4003-T,コープケミ,東証1部,204.00,204.00,202.00,202.00,96000,19502000
4004-T,昭電工,東証1部,182.00,184.00,174.00,175.00,17729000,3194410000
4005-T,住友化,東証1部,437.00,439.00,429.00,432.00,972000,422356000
4005-O,住友化,大証1部,,,,,0,0
4007-T,日化成,東証1部,164.00,168.00,163.00,165.00,63000,10470000
4008-T,住精化,東証1部,367.00,368.00,364.00,364.00,18000,6592000
4008-O,住精化,大証1部,,,,,0,0
4021-T,日産化,東証1部,1057.00,1083.00,1057.00,1064.00,237000,253460000
4022-T,ラサ工,東証1部,128.00,128.00,125.00,125.00,46000,5796000
4023-T,クレハ,東証1部,514.00,531.00,514.00,524.00,614000,322120000
4023-O,クレハ,大証1部,,,,,0,0
4025-O,多木化,大証1部,489.00,489.00,479.00,479.00,2000,968000
4025-F,多木化,福証,,,,,0,0
4026-O,神島化,大証2部,195.00,195.00,195.00,195.00,1000,195000
4027-T,テイカ,東証1部,283.00,310.00,280.00,307.00,452000,134568000
4027-O,テイカ,大証1部,,,,,0,0
4028-T,石原産,東証1部,114.00,116.00,112.00,112.00,7346000,840512000
4028-O,石原産,大証1部,,,,,0,0
4031-T,チッカリン,東証1部,349.00,349.00,344.00,344.00,11000,3810000
4033-T,日東エフシー,東証2部,530.00,535.00,530.00,535.00,4000,2127000
4041-T,日曹達,東証1部,430.00,436.00,425.00,426.00,307000,131874000
4042-T,東ソー,東証1部,276.00,278.00,270.00,270.00,1708000,469136000
4043-T,トクヤマ,東証1部,703.00,713.00,691.00,691.00,598000,420549000
4043-O,トクヤマ,大証1部,,,,,0,0
4044-T,セ硝子,東証1部,380.00,384.00,373.00,374.00,273000,103657000
4044-O,セ硝子,大証1部,,,,,0,0
4045-T,東亜合成,東証1部,267.00,270.00,267.00,268.00,105000,28212000
4045-O,東亜合成,大証1部,,,,,0,0
4045-F,東亜合成,福証,,,,,0,0
4046-T,ダイソー,東証1部,236.00,236.00,236.00,236.00,2000,472000
4046-O,ダイソー,大証1部,235.00,238.00,235.00,235.00,23000,5423000
4047-T,関電化,東証1部,509.00,510.00,495.00,496.00,109000,54796000
4061-T,電化,東証1部,290.00,293.00,282.00,285.00,9269000,2670744000
4062-T,イビデン,東証1部,2825.00,2835.00,2765.00,2775.00,447500,1251909000
4063-T,信越化,東証1部,4460.00,4470.00,4420.00,4430.00,609300,2704498000
4063-O,信越化,大証1部,,,,,0,0
4064-T,カーバイド,東証1部,109.00,111.00,108.00,108.00,356000,38887000
4064-O,カーバイド,大証1部,,,,,0,0
4078-T,堺化学,東証1部,410.00,410.00,405.00,405.00,5000,2045000
4078-O,堺化学,大証1部,412.00,419.00,409.00,410.00,122000,50526000
4080-J,田中化研,JQ,1654.00,1730.00,1654.00,1700.00,138300,234471200
4082-T,稀元素,東証2部,1739.00,1739.00,1680.00,1700.00,12300,20960900
4088-T,エア･ウォーター,東証1部,1063.00,1077.00,1053.00,1055.00,236000,251698000
4088-O,エア･ウォーター,大証1部,,,,,0,0
4088-S,エア･ウォーター,札証,,,,,0,0
4091-T,大陽日酸,東証1部,902.00,920.00,900.00,901.00,468000,425914000
4092-T,日本化,東証1部,277.00,298.00,272.00,287.00,1279000,365023000
4093-T,邦アセチレン,東証2部,109.00,110.00,109.00,109.00,21000,2297000
4094-T,日化産,東証2部,601.00,620.00,601.00,620.00,9000,5515000
4095-T,パーカライ,東証1部,1013.00,1013.00,988.00,994.00,44000,43999000
4096-T,昭炭酸,東証2部,,,,,0,0
4097-T,高圧ガス,東証1部,483.00,489.00,483.00,485.00,9000,4385000
4097-O,高圧ガス,大証1部,,,,,0,0
4098-T,チタン工,東証1部,259.00,267.00,254.00,256.00,685000,179047000
4099-T,四国化,東証1部,441.00,443.00,441.00,441.00,3000,1325000
4100-T,戸田工,東証1部,391.00,392.00,389.00,389.00,16000,6246000
4102-O,丸尾カル,大証2部,135.00,145.00,135.00,145.00,3000,423000
4105-J,メルテックス,JQ,330.00,330.00,330.00,330.00,1000,330000
4106-J,ケムキャット,JQ,997.00,1000.00,980.00,980.00,13000,12934000
4107-T,伊勢化,東証2部,600.00,600.00,595.00,595.00,6000,3585000
4109-T,ステラケミファ,東証1部,3280.00,3290.00,3260.00,3270.00,11000,36051000
4109-O,ステラケミファ,大証1部,,,,,0,0
4112-T,保土谷,東証1部,234.00,234.00,229.00,229.00,23000,5337000
4113-O,田岡化,大証2部,,,,,0,0
4114-T,日触媒,東証1部,765.00,774.00,757.00,759.00,303000,231777000
4114-O,日触媒,大証1部,,,,,0,0
4115-T,本州化,東証2部,,,,,0,0
4116-T,大日精,東証1部,265.00,273.00,262.00,262.00,146000,38847000
4117-T,川崎化,東証2部,146.00,146.00,143.00,145.00,38000,5491000
4118-T,カネカ,東証1部,659.00,677.00,659.00,665.00,615000,410721000
4118-O,カネカ,大証1部,,,,,0,0
4119-T,ピグメント,東証2部,163.00,163.00,163.00,163.00,2000,326000
4120-O,スガイ化,大証2部,,,,,0,0
4151-T,協和キリン,東証1部,1058.00,1072.00,1051.00,1052.00,259000,274180000
4182-T,三菱ガス,東証1部,502.00,517.00,501.00,503.00,959000,487406000
4183-T,三井化学,東証1部,311.00,321.00,309.00,311.00,3579000,1129038000
4185-T,JSR,東証1部,1678.00,1719.00,1674.00,1680.00,533500,904318400
4185-O,JSR,大証1部,,,,,0,0
4186-T,応化工,東証1部,1880.00,1900.00,1858.00,1868.00,90000,169272500
4187-T,大有機,東証2部,,,,,0,0
4187-O,大有機,大証2部,,,,,0,0
4188-T,三菱ケミHD,東証1部,403.00,404.00,396.00,397.00,1636000,655761500
4188-O,三菱ケミHD,大証1部,,,,,0,0
4201-T,日合成,東証1部,488.00,488.00,467.00,467.00,252000,120170000
4201-O,日合成,大証1部,,,,,0,0
4202-T,ダイセル,東証1部,550.00,559.00,546.00,548.00,603000,333259000
4202-O,ダイセル,大証1部,,,,,0,0
4203-T,住友ベ,東証1部,477.00,478.00,463.00,464.00,301000,141440000
4203-O,住友ベ,大証1部,,,,,0,0
4204-T,積水化,東証1部,581.00,587.00,573.00,573.00,432000,250718000
4204-O,積水化,大証1部,,,,,0,0
4205-T,ゼオン,東証1部,367.00,372.00,357.00,357.00,463000,169454000
4205-O,ゼオン,大証1部,,,,,0,0
4206-T,アイカ工,東証1部,910.00,930.00,906.00,909.00,36300,33327900
4208-T,宇部興,東証1部,289.00,292.00,282.00,283.00,9691000,2790586000
4208-F,宇部興,福証,,,,,0,0
4212-T,積水樹,東証1部,789.00,790.00,789.00,790.00,3000,2369000
4212-O,積水樹,大証1部,,,,,0,0
4215-T,タキロン,東証1部,307.00,307.00,303.00,303.00,4000,1218000
4215-O,タキロン,大証1部,,,,,0,0
4216-T,旭有機,東証1部,259.00,259.00,250.00,252.00,88000,22340000
4217-T,日立化,東証1部,1639.00,1661.00,1620.00,1641.00,308900,506581500
4217-O,日立化,大証1部,,,,,0,0
4218-T,ニチバン,東証1部,313.00,314.00,310.00,311.00,21000,6564000
4218-O,ニチバン,大証1部,,,,,0,0
4220-T,リケンテクノス,東証1部,204.00,218.00,203.00,215.00,83000,17534000
4221-T,大倉工,東証1部,239.00,240.00,238.00,240.00,17000,4070000
4222-T,児玉化,東証2部,61.00,64.00,61.00,63.00,51000,3164000
4224-T,ロンシル工,東証2部,117.00,120.00,116.00,118.00,85000,9964000
4228-T,積化成,東証1部,363.00,363.00,351.00,354.00,60000,21600000
4228-O,積化成,大証1部,,,,,0,0
4229-T,群栄化,東証1部,220.00,220.00,217.00,217.00,21000,4592000
4231-T,タイガポリ,東証1部,407.00,415.00,406.00,406.00,1000,409200
4231-O,タイガポリ,大証1部,,,,,0,0
4233-J,プリヴェFG,JQ,27.00,28.00,27.00,27.00,742000,20069000
4234-J,サンエー化研,JQ,470.00,475.00,450.00,450.00,2500,1143900
4235-J,第一化成,JQ,,,,,0,0
4237-J,フジプレアム,JQ,655.00,660.00,651.00,651.00,3300,2162100
4238-J,ミライアル,JQ,1890.00,1910.00,1890.00,1890.00,900,1703000
4239-J,ポラテクノ,JQ,53000.00,53100.00,53000.00,53100.00,5,265200
4240-H,クラスターテクノ,HCグロース,14700.00,14700.00,13950.00,13950.00,46,650530
4241-J,アテクト,JQ,409.00,409.00,407.00,408.00,600,244800
4242-J,タカギセイコー,JQ,,,,,0,0
4243-J,ニックス,JQ,250.00,250.00,250.00,250.00,100,25000
4244-J,東山フイルム,JQ,375.00,375.00,374.00,374.00,200,74900
4271-T,日カーリット,東証1部,475.00,475.00,467.00,470.00,15300,7242000
4272-T,日化薬,東証1部,695.00,695.00,680.00,681.00,239000,164748000
4274-J,細谷火,JQ,,,,,0,0
4281-H,DAC,HCスタンダード,39300.00,39350.00,38900.00,39350.00,39,1528800
4282-T,EPS,東証1部,366000.00,367000.00,366000.00,367000.00,53,19419000
4283-T,P電工IS,東証1部,2060.00,2100.00,2055.00,2065.00,6200,12842000
4284-J,ソルクシーズ,JQ,417.00,417.00,416.00,416.00,2500,1042000
4286-J,レッグス,JQ,,,,,0,0
4287-J,ジャストプラ,JQ,61500.00,62000.00,61500.00,62000.00,5,308000
4288-J,アズジェント,JQ,31000.00,31200.00,31000.00,31200.00,17,527400
4289-H,ビジトラ,HCスタンダード,27820.00,27820.00,27820.00,27820.00,8,222560
4290-H,PSナショナル,HCグロース,165000.00,166000.00,161900.00,164600.00,114,18772100
4291-T,JIEC,東証2部,84000.00,84000.00,83600.00,83600.00,6,502100
4293-J,セプテーニHD,JQ,61100.00,61600.00,59000.00,59200.00,411,24877400
4295-T,フェイス,東証1部,7250.00,7470.00,7250.00,7410.00,1054,7792340
4296-H,ゼンテック,HCスタンダード,3600.00,3850.00,3400.00,3600.00,2937,10589510
4298-J,プロトコーポ,JQ,2725.00,2725.00,2715.00,2725.00,2400,6531000
4299-T,ハイマックス,東証2部,646.00,646.00,635.00,635.00,700,450700
4301-T,アミューズ,東証1部,977.00,985.00,977.00,983.00,17600,17255800
4302-H,オープンインタ,HCグロース,417.00,445.00,392.00,419.00,57578,24060834
4304-H,Eストアー,HCスタンダード,73400.00,74800.00,72200.00,74000.00,13,955800
4305-H,IMJ,HCグロース,25400.00,25400.00,25100.00,25300.00,75,1895580
4306-J,バックス,JQ,16570.00,16580.00,16190.00,16300.00,294,4817540
4307-T,NRI,東証1部,2125.00,2185.00,2125.00,2175.00,243100,526583000
4308-T,Jストリーム,東証マザーズ,32100.00,33000.00,32000.00,32200.00,32,1033100
4309-H,スパイア,HCスタンダード,,,,,0,0
4310-T,DI,東証1部,84400.00,85000.00,83600.00,84000.00,16,1349500
4311-J,ディースリー,JQ,61000.00,61000.00,61000.00,61000.00,9,549000
4312-T,サイバネット,東証1部,34850.00,34950.00,34600.00,34600.00,80,2788250
4314-H,ダヴィンチH,HCスタンダード,13320.00,13730.00,12700.00,12840.00,38862,514369800
4315-J,日清医食,JQ,1232.00,1250.00,1225.00,1245.00,10000,12376000
4316-H,ビーマップ,HCグロース,22210.00,22500.00,22210.00,22500.00,2,44710
4317-J,レイ,JQ,111.00,111.00,109.00,109.00,17900,1971600
4318-J,クイック,JQ,,,,,0,0
4319-T,TAC,東証1部,418.00,418.00,415.00,416.00,12100,5040500
4320-T,シーエスアイ,東証マザーズ,32400.00,32500.00,32000.00,32000.00,8,258300
4321-T,ケネディクス,東証1部,48850.00,50200.00,47500.00,48250.00,15884,775358950
4322-H,イーシステム,HCスタンダード,15000.00,15100.00,14900.00,14950.00,141,2115750
4323-T,日シス技術,東証2部,831.00,835.00,825.00,825.00,9100,7519200
4324-T,電通,東証1部,1948.00,1974.00,1941.00,1952.00,196900,386123800
4326-T,インテージ,東証1部,1536.00,1547.00,1501.00,1519.00,9600,14656200
4327-H,日本SHL,HCグロース,126100.00,126100.00,125500.00,125500.00,4,503100
4329-J,ワークスアプリ,JQ,63000.00,64500.00,62700.00,64000.00,1352,85603800
4330-H,セラーテムテクノ,HCスタンダード,8200.00,8220.00,8190.00,8220.00,20,163970
4331-T,T&Gニーズ,東証1部,11500.00,11750.00,11300.00,11440.00,2045,23467560
4333-T,東邦システム,東証2部,486.00,489.00,484.00,489.00,4400,2138400
4334-H,ユークス,HCスタンダード,320.00,320.00,320.00,320.00,200,64000
4335-J,IPS,JQ,33100.00,34300.00,31100.00,31100.00,31,1010550
4336-J,クリエアナブキ,JQ,31000.00,31000.00,31000.00,31000.00,1,31000
4337-T,ぴあ,東証1部,1197.00,1199.00,1190.00,1198.00,5600,6682600
4339-J,スターキャット,JQ,59900.00,59900.00,59400.00,59400.00,7,417300
4340-T,シンプレクス,東証1部,46650.00,46650.00,45850.00,45850.00,246,11364000
4341-O,西菱電機,大証2部,,,,,0,0
4342-T,セコム上信,東証2部,1680.00,1680.00,1680.00,1680.00,500,840000
4343-T,ファンタジー,東証1部,973.00,979.00,964.00,979.00,19400,18874300
4344-T,ソースネクスト,東証1部,30800.00,30800.00,29100.00,29500.00,356,10624560
4345-J,シーティーエス,JQ,96900.00,97900.00,96900.00,97600.00,3,292400
4346-T,ネクシィーズ,東証1部,3600.00,3610.00,3570.00,3570.00,459,1648780
4346-O,ネクシィーズ,大証1部,,,,,0,0
4347-H,ブロメディア,HCスタンダード,107.00,107.00,102.00,105.00,32100,3330500
4348-J,インフォコム,JQ,49850.00,49850.00,48700.00,48700.00,13,642800
4350-T,メディカルシス,東証2部,710.00,710.00,704.00,704.00,2300,1629700
4351-J,山田債権,JQ,280.00,288.00,280.00,284.00,800,228600
4352-S,アルファトレント,札証アンビシャス,2580.00,2580.00,2580.00,2580.00,1,2580
4355-H,ロングライフ,HCスタンダード,19750.00,19750.00,19510.00,19510.00,36,706040
4356-J,応用技術,JQ,40000.00,40000.00,40000.00,40000.00,1,40000
4357-H,ラ･パルレ,HCスタンダード,12400.00,12400.00,12030.00,12100.00,79,964530
4358-J,TYO,JQ,115.00,116.00,114.00,114.00,37000,4242500
4361-T,川口化,東証2部,101.00,101.00,101.00,101.00,1000,101000
4362-T,日精化,東証1部,559.00,559.00,559.00,559.00,400,223600
4362-O,日精化,大証1部,565.00,574.00,557.00,559.00,2600,1458700
4364-T,マナック,東証2部,,,,,0,0
4365-J,松本油,JQ,,,,,0,0
4366-O,ダイトーケミ,大証2部,279.00,279.00,279.00,279.00,11000,3069000
4367-O,広栄化,大証2部,,,,,0,0
4368-J,扶桑化学,JQ,960.00,960.00,930.00,930.00,6800,6435400
4369-H,トリケミカル,HCスタンダード,296.00,298.00,291.00,291.00,4400,1299400
4401-T,ADEKA,東証1部,896.00,909.00,879.00,879.00,186700,167546300
4403-T,日油,東証1部,393.00,397.00,390.00,390.00,523000,205807000
4404-T,ミヨシ,東証1部,147.00,147.00,147.00,147.00,17000,2499000
4406-O,日理化,大証1部,141.00,141.00,138.00,138.00,5900,831600
4409-T,東邦化,東証2部,,,,,0,0
4410-T,ハリマ化,東証1部,,,,,0,0
4410-O,ハリマ化,大証1部,,,,,0,0
4452-T,花王,東証1部,2120.00,2130.00,2100.00,2110.00,1510000,3196345000
4461-T,一工薬,東証1部,254.00,256.00,254.00,256.00,28000,7157000
4461-O,一工薬,大証1部,,,,,0,0
4462-O,石原薬,大証2部,1051.00,1200.00,1048.00,1140.00,3500,3840100
4464-T,ソフト99,東証2部,450.00,459.00,447.00,448.00,145800,65881900
4465-T,ニイタカ,東証2部,849.00,849.00,849.00,849.00,1400,1188600
4471-T,三洋化,東証1部,493.00,493.00,483.00,483.00,116000,56798000
4471-O,三洋化,大証1部,,,,,0,0
4502-T,武田,東証1部,3690.00,3740.00,3660.00,3710.00,1612100,5967402000
4502-O,武田,大証1部,,,,,0,0
4502-S,武田,札証,,,,,0,0
4502-F,武田,福証,,,,,0,0
4503-T,アステラス薬,東証1部,3270.00,3350.00,3250.00,3320.00,829900,2745261000
4503-O,アステラス薬,大証1部,,,,,0,0
4506-T,大日住薬,東証1部,832.00,844.00,825.00,833.00,235500,196908100
4506-O,大日住薬,大証1部,,,,,0,0
4507-T,塩野義,東証1部,1890.00,1922.00,1882.00,1916.00,1467000,2796044000
4507-O,塩野義,大証1部,,,,,0,0
4508-T,田辺三菱,東証1部,1127.00,1155.00,1122.00,1148.00,383000,438222000
4508-O,田辺三菱,大証1部,,,,,0,0
4512-T,ワカモト,東証1部,354.00,354.00,350.00,350.00,14000,4942000
4514-T,あすか薬,東証1部,818.00,823.00,812.00,812.00,11000,8979000
4516-T,日新薬,東証1部,1090.00,1101.00,1088.00,1088.00,43000,47006000
4516-O,日新薬,大証1部,,,,,0,0
4517-O,ビオフェル,大証1部,1690.00,1718.00,1690.00,1718.00,800,1367000
4519-T,中外薬,東証1部,1814.00,1833.00,1814.00,1831.00,288100,525636300
4521-T,科研薬,東証1部,845.00,846.00,841.00,843.00,166000,140019000
4523-T,エーザイ,東証1部,3260.00,3330.00,3230.00,3320.00,718700,2362057000
4523-O,エーザイ,大証1部,,,,,0,0
4524-T,仁丹,東証2部,244.00,244.00,244.00,244.00,2000,488000
4524-O,仁丹,大証2部,,,,,0,0
4526-T,理ビタミン,東証2部,2750.00,2750.00,2750.00,2750.00,200,550000
4527-T,ロート,東証1部,1115.00,1140.00,1115.00,1120.00,4000,4495000
4527-O,ロート,大証1部,1121.00,1125.00,1115.00,1120.00,123000,137879000
4528-T,小野薬,東証1部,4200.00,4200.00,4180.00,4180.00,2600,10918000
4528-O,小野薬,大証1部,4220.00,4250.00,4180.00,4240.00,52600,221939000
4530-T,久光薬,東証1部,3010.00,3100.00,3010.00,3090.00,190900,582941000
4530-O,久光薬,大証1部,,,,,0,0
4530-F,久光薬,福証,,,,,0,0
4531-T,有機薬,東証1部,295.00,297.00,294.00,296.00,29000,8560000
4534-T,持田薬,東証1部,918.00,921.00,912.00,918.00,85000,78088000
4535-T,大正薬,東証1部,1833.00,1887.00,1829.00,1874.00,322000,600007000
4536-T,参天薬,東証1部,2875.00,2885.00,2875.00,2885.00,1400,4028000
4536-O,参天薬,大証1部,2880.00,2920.00,2880.00,2905.00,72600,210943000
4537-T,エスエス薬,東証1部,502.00,509.00,502.00,508.00,46000,23184000
4538-T,扶桑薬,東証1部,303.00,311.00,303.00,308.00,20000,6113000
4538-O,扶桑薬,大証1部,,,,,0,0
4539-T,日ケミファ,東証1部,324.00,329.00,320.00,322.00,69000,22425000
4540-T,ツムラ,東証1部,2980.00,3050.00,2965.00,3020.00,126600,381190500
4541-O,日医工,大証1部,3090.00,3130.00,3060.00,3100.00,53100,164896000
4543-T,テルモ,東証1部,4160.00,4240.00,4160.00,4180.00,149100,626145000
4544-T,みらかHD,東証1部,2325.00,2360.00,2305.00,2350.00,98000,229587000
4547-T,キッセイ薬,東証1部,2145.00,2225.00,2090.00,2130.00,259000,557400000
4548-T,生化学,東証1部,1053.00,1070.00,1046.00,1067.00,23700,25130900
4549-T,栄研化,東証1部,811.00,819.00,811.00,817.00,13600,11071600
4550-T,日水薬,東証1部,827.00,828.00,822.00,822.00,1800,1484300
4551-T,鳥居薬,東証1部,1621.00,1621.00,1619.00,1619.00,1400,2268400
4552-O,日ケミカル,大証2部,597.00,604.00,595.00,604.00,19000,11354000
4553-T,東和薬品,東証1部,4710.00,4830.00,4710.00,4820.00,41100,196353000
4554-J,富士製薬,JQ,1570.00,1600.00,1565.00,1565.00,7800,12363100
4555-T,沢井製薬,東証1部,5260.00,5320.00,5200.00,5290.00,46600,246526000
4556-J,カイノス,JQ,238.00,240.00,238.00,240.00,3000,717000
4557-J,医学生物,JQ,372.00,372.00,358.00,358.00,19000,6968000
4558-J,中京医薬,JQ,268.00,272.00,267.00,271.00,4900,1322800
4559-T,ゼリア新薬,東証1部,1031.00,1032.00,1031.00,1032.00,3000,3094000
4563-T,アンジェスMG,東証マザーズ,155000.00,164000.00,154900.00,163700.00,277,44201600
4564-T,OTS,東証マザーズ,177000.00,181000.00,175600.00,178200.00,3147,561382800
4565-T,そーせい,東証マザーズ,114100.00,117500.00,110000.00,116300.00,1926,220814800
4566-T,LTTバイオ,東証マザーズ,19950.00,20250.00,19800.00,20000.00,260,5202540
4568-T,第一三共,東証1部,1699.00,1715.00,1699.00,1705.00,585500,997670700
4568-O,第一三共,大証1部,,,,,0,0
4569-T,キョーリン,東証1部,1515.00,1529.00,1508.00,1511.00,116000,176090000
4570-H,免疫生物,HCグロース,1830.00,1830.00,1790.00,1800.00,990,1788370
4571-T,ナノキャリア,東証マザーズ,20600.00,23000.00,20400.00,22940.00,8402,187640860
4572-J,カルナバイオ,JQNEO,82000.00,90400.00,81000.00,87900.00,704,61094400
4573-H,アールテック,HCスタンダード,228500.00,229000.00,224000.00,224300.00,72,16297200
4574-T,大幸薬品,東証2部,5200.00,5280.00,5120.00,5130.00,51600,268565000
4611-T,大日塗,東証1部,114.00,114.00,110.00,110.00,136000,15239000
4611-O,大日塗,大証1部,,,,,0,0
4612-T,日本ペ,東証1部,481.00,490.00,480.00,481.00,152000,73753000
4612-O,日本ペ,大証1部,,,,,0,0
4613-T,関西ペ,東証1部,675.00,707.00,675.00,695.00,589000,409523000
4613-O,関西ペ,大証1部,,,,,0,0
4614-T,トウペ,東証1部,124.00,134.00,124.00,131.00,5822000,757890000
4614-O,トウペ,大証1部,,,,,0,0
4615-O,神東塗,大証1部,145.00,148.00,144.00,144.00,48000,6981000
4616-O,川上塗,大証2部,,,,,0,0
4617-T,中国塗,東証1部,668.00,671.00,663.00,663.00,67000,44650000
4619-T,日特塗,東証1部,340.00,340.00,332.00,340.00,2100,710600
4620-T,藤倉化,東証1部,534.00,535.00,521.00,525.00,28400,15031400
4621-O,ロックペイント,大証2部,,,,,0,0
4623-O,アサヒペン,大証2部,152.00,152.00,150.00,150.00,11000,1665000
4624-O,イサム塗,大証2部,,,,,0,0
4625-J,アトミクス,JQ,,,,,0,0
4626-T,太陽インキ,東証1部,2240.00,2240.00,2215.00,2215.00,10300,22938500
4627-J,ナトコ,JQ,411.00,411.00,404.00,405.00,2900,1181000
4628-J,エスケー化研,JQ,,,,,0,0
4629-J,大伸化学,JQ,,,,,0,0
4631-T,DIC,東証1部,149.00,150.00,147.00,148.00,612000,90707000
4633-T,サカタインクス,東証1部,344.00,345.00,340.00,341.00,35000,12008000
4633-O,サカタインクス,大証1部,,,,,0,0
4634-T,洋インキ,東証1部,339.00,344.00,335.00,336.00,326000,110562000
4635-T,東インキ,東証2部,179.00,179.00,176.00,176.00,31000,5542000
4636-J,T&KTOKA,JQ,1123.00,1138.00,1123.00,1124.00,13000,14646500
4640-J,アンドール,JQ,,,,,0,0
4641-T,アルプス技,東証1部,552.00,555.00,547.00,550.00,11000,6047900
4642-T,オリジナル設,東証2部,121.00,121.00,121.00,121.00,500,60500
4644-J,イマジニア,JQ,678.00,678.00,670.00,670.00,5000,3358900
4645-J,市進,JQ,,,,,0,0
4650-J,ゲオディノス,JQ,,,,,0,0
4651-T,サニックス,東証1部,129.00,131.00,126.00,128.00,196800,25384900
4651-O,サニックス,大証1部,,,,,0,0
4651-F,サニックス,福証,,,,,0,0
4653-T,ダイオーズ,東証1部,480.00,480.00,479.00,479.00,1600,767600
4654-O,ニチゾウテック,大証2部,323.00,329.00,320.00,329.00,14000,4515000
4656-J,サン･ライフ,JQ,769.00,769.00,769.00,769.00,100,76900
4657-J,環境管理,JQ,,,,,0,0
4658-T,日本空調,東証1部,745.00,758.00,740.00,740.00,5500,4102600
4659-J,エイジス,JQ,2090.00,2100.00,2090.00,2100.00,700,1464000
4661-T,OLC,東証1部,6380.00,6410.00,6370.00,6390.00,52800,337291000
4662-J,フォーカスS,JQ,390.00,390.00,390.00,390.00,100,39000
4664-J,RSC,JQ,,,,,0,0
4665-T,ダスキン,東証1部,1618.00,1629.00,1618.00,1628.00,41500,67381000
4665-O,ダスキン,大証1部,,,,,0,0
4666-T,パーク24,東証1部,827.00,830.00,821.00,823.00,99200,81875500
4667-J,アイサンテクノロ,JQ,,,,,0,0
4668-T,明光ネット,東証1部,485.00,485.00,475.00,478.00,27300,13119800
4669-J,ニッパンR,JQ,,,,,0,0
4671-T,ファルコ,東証1部,760.00,770.00,760.00,770.00,700,536000
4671-O,ファルコ,大証1部,765.00,765.00,755.00,759.00,4100,3121500
4673-J,川崎地質,JQ,,,,,0,0
4674-T,クレスコ,東証1部,487.00,487.00,487.00,487.00,800,389600
4675-J,エヌエス環境,JQ,565.00,567.00,565.00,567.00,300,169900
4676-T,フジHD,東証1部,137800.00,141500.00,137800.00,140300.00,2019,283322100
4678-T,秀英,東証1部,504.00,513.00,504.00,512.00,14300,7285500
4679-T,田谷,東証1部,720.00,720.00,715.00,715.00,500,358900
4680-T,ラウンドワン,東証1部,937.00,937.00,915.00,915.00,158900,146889000
4680-O,ラウンドワン,大証1部,,,,,0,0
4681-T,リゾートトラス,東証1部,1040.00,1050.00,1037.00,1045.00,32400,33775600
4684-T,オービック,東証1部,15510.00,15640.00,15390.00,15390.00,3870,60164300
4685-J,菱友システム,JQ,,,,,0,0
4686-J,ジャストシステ,JQ,470.00,475.00,460.00,466.00,56400,26348800
4687-T,TDC,東証1部,709.00,710.00,709.00,710.00,500,354600
4689-T,ヤフー,東証1部,29900.00,30400.00,29410.00,30050.00,58655,1759320910
4689-J,ヤフー,JQ,29550.00,30250.00,29550.00,29950.00,33,989710
4690-J,日パレット,JQ,,,,,0,0
4694-T,BML,東証1部,2155.00,2165.00,2150.00,2150.00,2900,6249000
4695-T,マイスター,東証2部,303.00,310.00,303.00,310.00,2600,791200
4696-T,ワタベ,東証1部,1550.00,1555.00,1536.00,1538.00,7200,11138200
4696-O,ワタベ,大証1部,,,,,0,0
4699-J,ウチダエスコ,JQ,462.00,462.00,453.00,455.00,8000,3680000
4704-T,トレンド,東証1部,3060.00,3070.00,3030.00,3050.00,141000,430870000
4705-J,クリップ,JQ,,,,,0,0
4707-J,キタック,JQ,193.00,193.00,193.00,193.00,500,96500
4708-T,もしもし,東証1部,2130.00,2175.00,2060.00,2090.00,98600,208695000
4709-J,ID,JQ,677.00,677.00,677.00,677.00,100,67700
4711-T,コミュニティー,東証1部,2250.00,2270.00,2235.00,2255.00,16900,38084500
4712-J,アドアーズ,JQ,228.00,228.00,222.00,222.00,67000,15157000
4713-T,日信電サ,東証2部,1129.00,1129.00,1129.00,1129.00,500,564500
4714-T,リソー教育,東証1部,4230.00,4700.00,4220.00,4600.00,46904,212706110
4716-T,日本オラクル,東証1部,3720.00,3780.00,3720.00,3750.00,88300,331092000
4718-T,早稲アカ,東証2部,645.00,645.00,635.00,635.00,12900,8266000
4719-T,アルファシステム,東証1部,2140.00,2160.00,2125.00,2130.00,1700,3632500
4720-J,城南進研,JQ,,,,,0,0
4722-T,フューチャー,東証1部,41150.00,41350.00,41000.00,41000.00,67,2752900
4723-T,ラディアHD,東証2部,135.00,138.00,133.00,135.00,35619,4818784
4724-T,ウェアハウス,東証1部,484.00,489.00,483.00,483.00,3000,1455800
4725-T,CAC,東証1部,711.00,720.00,711.00,714.00,16700,11951700
4726-T,ソフトバンテク,東証1部,791.00,800.00,735.00,735.00,9700,7518600
4727-J,アジアシス研,JQ,,,,,0,0
4728-T,トーセ,東証1部,628.00,628.00,621.00,621.00,800,501100
4728-O,トーセ,大証1部,,,,,0,0
4732-T,ユー･エス･エス,東証1部,5080.00,5080.00,5030.00,5060.00,24450,123924000
4733-T,OBC,東証1部,3870.00,3880.00,3790.00,3860.00,5900,22594500
4734-J,ビーイング,JQ,98.00,98.00,97.00,97.00,5000,487000
4735-O,京進,大証2部,195.00,195.00,195.00,195.00,800,156000
4736-J,日本ラッド,JQ,187.00,187.00,186.00,186.00,20200,3776400
4738-T,日立ビジ,東証1部,630.00,630.00,608.00,621.00,34900,21949300
4739-T,CTC,東証1部,3080.00,3080.00,2950.00,2950.00,72200,219083500
4743-T,ITFOR,東証1部,387.00,394.00,387.00,392.00,7400,2879500
4744-T,メッツ,東証マザーズ,5800.00,5810.00,5750.00,5750.00,189,1087840
4745-T,東京個別,東証1部,161.00,162.00,159.00,160.00,45600,7330400
4746-T,東計電算,東証1部,1135.00,1135.00,1135.00,1135.00,400,454000
4747-T,eまち,東証マザーズ,367000.00,372000.00,366000.00,367000.00,21,7728000
4748-J,構造計画,JQ,635.00,636.00,635.00,635.00,600,381100
4749-T,アドバックス,東証マザーズ,36.00,39.00,35.00,38.00,464000,17494000
4750-O,ダイサン,大証2部,,,,,0,0
4751-T,サイバエージ,東証マザーズ,88300.00,94600.00,88300.00,93100.00,47311,4358956300
4752-J,昭和システム,JQ,254.00,254.00,254.00,254.00,2000,508000
4754-J,トスネット,JQ,,,,,0,0
4755-J,楽天,JQ,59900.00,60900.00,59000.00,60600.00,52317,3130857400
4756-T,CCC,東証1部,821.00,842.00,821.00,836.00,383800,320415600
4760-J,ALPHA,JQ,192.00,201.00,192.00,201.00,2000,393000
4761-O,サクラKCS,大証2部,,,,,0,0
4762-T,エックスネット,東証1部,136000.00,138000.00,136000.00,138000.00,3,410000
4763-H,クリーク&リバ,HCスタンダード,16300.00,16300.00,15570.00,15800.00,127,2011550
4764-H,Dデザイン,HCグロース,,,,,0,0
4765-H,モーニングスタ,HCスタンダード,39400.00,39400.00,39400.00,39400.00,1,39400
4766-T,ピーエイ,東証マザーズ,114.00,114.00,91.00,95.00,208000,22149000
4767-T,TOW,東証1部,556.00,570.00,556.00,569.00,36700,20662200
4768-T,大塚商,東証1部,4960.00,5170.00,4960.00,5130.00,42100,213952000
4769-J,インフォクリエ,JQ,539.00,539.00,530.00,530.00,1800,964600
4770-T,エルミック,東証マザーズ,224.00,224.00,217.00,219.00,2100,466100
4771-H,エフアンドエム,HCスタンダード,26390.00,26390.00,26390.00,26390.00,1,26390
4772-H,デジアド,HCグロース,122.00,123.00,119.00,119.00,247000,29856000
4775-T,総合メディ,東証1部,2080.00,2095.00,2065.00,2075.00,10400,21589500
4776-T,サイボウズ,東証1部,19350.00,19990.00,19310.00,19950.00,143,2796420
4777-H,ガーラ,HCグロース,76200.00,78000.00,74300.00,75000.00,646,49063200
4779-T,ソフトブレーン,東証1部,4650.00,4870.00,4600.00,4720.00,3045,14393440
4781-T,日本ハウズ,東証2部,1000.00,1000.00,1000.00,1000.00,1000,1000000
4783-J,日ダイナミク,JQ,275.00,275.00,275.00,275.00,2000,550000
4784-H,GMO-AP,HCグロース,25370.00,25370.00,25370.00,25370.00,2,50740
4788-T,サイバーCOM,東証マザーズ,46500.00,46700.00,46500.00,46700.00,28,1302700
4792-H,TFP,HCスタンダード,66000.00,66000.00,66000.00,66000.00,1,66000
4793-J,BSC,JQ,819.00,819.00,790.00,810.00,6400,5126500
4794-T,デザインEX,東証マザーズ,460.00,462.00,448.00,461.00,3180,1451478
4798-T,ARuCo,東証2部,20.00,20.00,19.00,20.00,336400,6412600
4799-T,アグレックス,東証1部,860.00,862.00,850.00,860.00,10000,8562300
4800-H,オリコン,HCスタンダード,35100.00,35100.00,33900.00,34900.00,165,5660800
4801-T,セントラルSP,東証1部,870.00,871.00,868.00,869.00,8300,7219600
4809-T,パラカ,東証マザーズ,47100.00,47450.00,46950.00,47050.00,21,989650
4812-T,ISID,東証1部,603.00,603.00,595.00,597.00,1300,777900
4813-T,ACCESS,東証マザーズ,265000.00,297000.00,263000.00,292300.00,16014,4482612800
4814-H,ネクストウェア,HCスタンダード,9600.00,9600.00,9500.00,9500.00,30,287800
4815-T,J-DC,東証マザーズ,3590.00,3590.00,3220.00,3220.00,5908,20022260
4816-J,東映アニメ,JQ,1587.00,1596.00,1574.00,1596.00,9400,14858700
4817-J,JCOM,JQ,76500.00,78500.00,76500.00,77700.00,6744,521982300
4819-J,Dガレージ,JQ,79500.00,80000.00,78800.00,79500.00,196,15554000
4820-T,EMシステムズ,東証2部,786.00,795.00,767.00,776.00,16500,12925600
4822-H,ハドソン,HCスタンダード,640.00,641.00,631.00,634.00,50000,31884400
4824-T,メディアシーク,東証マザーズ,21800.00,21800.00,20850.00,21490.00,89,1899380
4825-T,WNIウェザー,東証1部,1540.00,1547.00,1526.00,1534.00,88300,135972800
4826-T,CIJ,東証1部,307.00,308.00,302.00,302.00,9600,2924100
4827-F,BワンHD,福証Q-Board,,,,,0,0
4828-J,東洋BENG,JQ,860.00,860.00,860.00,860.00,100,86000
4829-T,日本エンタ,東証2部,8410.00,8410.00,8100.00,8200.00,289,2375970
4831-H,オープンルーフ,HCスタンダード,3850.00,3910.00,3850.00,3910.00,9,34940
4832-T,JFE-SI,東証2部,91000.00,91000.00,91000.00,91000.00,6,546000
4833-H,ぱど,HCグロース,25180.00,25180.00,24110.00,25000.00,5,124650
4834-S,キャリアバンク,札証,,,,,0,0
4835-J,INDEXHD,JQ,7000.00,7420.00,6910.00,7000.00,26982,192468510
4837-J,シダックス,JQ,414.00,414.00,397.00,399.00,30100,12203200
4838-J,Sシャワー,JQ,34800.00,34800.00,33050.00,33050.00,45,1535100
4839-T,WOWOW,東証マザーズ,165200.00,166000.00,165000.00,165700.00,21,3478300
4840-H,トライアイズ,HCグロース,1500.00,1511.00,1487.00,1496.00,2050,3079380
4841-H,Dクリック,HCスタンダード,22250.00,22600.00,22200.00,22590.00,156,3475760
4842-H,USEN,HCスタンダード,129.00,129.00,126.00,129.00,117640,15004340
4845-H,フュージョン,HCグロース,11700.00,11710.00,11320.00,11320.00,19,221930
4847-J,インテリW,JQ,16500.00,16600.00,16210.00,16210.00,234,3850680
4848-T,フルキャストHD,東証1部,9000.00,9500.00,8700.00,9500.00,1444,13321260
4849-H,エンJPN,HCスタンダード,133100.00,135100.00,130000.00,130100.00,260,34176100
4850-T,ダウケミカル,東証1部外国,1700.00,1700.00,1700.00,1700.00,10,17000
4875-H,メディシノバ,HCスタンダード外国,545.00,635.00,535.00,609.00,48300,28737300
4901-T,富士フイルム,東証1部,3060.00,3100.00,3030.00,3030.00,561900,1718991000
4901-O,富士フイルム,大証1部,,,,,0,0
4901-S,富士フイルム,札証,,,,,0,0
4901-F,富士フイルム,福証,,,,,0,0
4902-T,コニカミノルタ,東証1部,980.00,994.00,968.00,970.00,857500,842243000
4902-O,コニカミノルタ,大証1部,,,,,0,0
4911-T,資生堂,東証1部,1532.00,1544.00,1529.00,1530.00,382000,586273000
4912-T,ライオン,東証1部,438.00,440.00,437.00,438.00,220000,96391000
4914-T,高砂香,東証1部,523.00,523.00,519.00,520.00,53000,27645000
4915-J,エイボンJ,JQ,75.00,75.00,73.00,73.00,7000,515000
4916-T,ノエビア,東証2部,931.00,931.00,929.00,930.00,5400,5023400
4917-T,マンダム,東証1部,2155.00,2170.00,2155.00,2155.00,7800,16847500
4918-J,アイビー,JQ,150.00,151.00,149.00,149.00,6000,900000
4919-T,ミルボン,東証1部,2150.00,2155.00,2140.00,2155.00,4400,9444500
4920-J,日本色材,JQ,,,,,0,0
4921-T,ファンケル,東証1部,1173.00,1176.00,1164.00,1166.00,27200,31785300
4922-T,コーセー,東証1部,2055.00,2060.00,2035.00,2035.00,53300,109260000
4923-O,コタ,大証2部,740.00,740.00,740.00,740.00,3500,2590000
4924-T,DR.シーラボ,東証1部,161500.00,163000.00,161300.00,161300.00,134,21697600
4925-J,HABA,JQ,2385.00,2385.00,2385.00,2385.00,200,477000
4951-T,エステー,東証1部,987.00,987.00,977.00,979.00,3100,3040900
4952-J,SDSバイオ,JQ,,,,,0,0
4954-J,マークテック,JQ,965.00,970.00,965.00,970.00,2100,2033500
4955-T,アグロカネシ,東証2部,,,,,0,0
4956-T,コニシ,東証1部,763.00,768.00,763.00,764.00,3900,2982400
4956-O,コニシ,大証1部,,,,,0,0
4957-T,ヤスハラケミカル,東証2部,677.00,677.00,671.00,671.00,1700,1149100
4958-T,長谷川香,東証1部,1210.00,1214.00,1197.00,1197.00,8100,9761800
4960-O,ケミプロ,大証2部,215.00,215.00,215.00,215.00,2000,430000
4961-J,日油技研,JQ,1078.00,1078.00,1078.00,1078.00,1000,1078000
4962-O,互応化学,大証2部,,,,,0,0
4963-T,星光PMC,東証2部,286.00,290.00,286.00,290.00,1400,405000
4965-J,曽田香料,JQ,,,,,0,0
4966-O,上村工業,大証2部,3260.00,3280.00,3220.00,3240.00,26400,85877000
4967-T,小林製薬,東証1部,3650.00,3710.00,3650.00,3680.00,18900,69642000
4967-O,小林製薬,大証1部,,,,,0,0
4968-T,荒川化学,東証1部,1062.00,1062.00,1042.00,1050.00,6100,6420300
4968-O,荒川化学,大証1部,,,,,0,0
4970-J,東洋合成,JQ,465.00,480.00,465.00,480.00,1800,852900
4971-T,メック,東証1部,602.00,612.00,572.00,579.00,34800,20456300
4971-H,メック,HCスタンダード,,,,,0,0
4972-J,綜研化学,JQ,1270.00,1270.00,1235.00,1260.00,4100,5176200
4973-T,高純度化,東証1部,332000.00,332000.00,322000.00,330000.00,87,28627000
4974-T,タカラバイオ,東証マザーズ,238000.00,240600.00,237700.00,238100.00,91,21694100
4975-T,JCU,東証1部,1670.00,1671.00,1670.00,1670.00,600,1002100
4976-J,ドライルーブ,JQ,816.00,816.00,810.00,810.00,800,651000
4985-T,アース製薬,東証1部,2575.00,2580.00,2570.00,2580.00,10600,27312500
4987-T,寺岡製,東証2部,386.00,386.00,385.00,385.00,4700,1812000
4989-T,イハラケミカル,東証1部,367.00,369.00,362.00,366.00,26000,9526000
4990-T,昭和化,東証2部,,,,,0,0
4992-T,北興化,東証1部,326.00,326.00,324.00,324.00,2000,650000
4994-T,大成ラミック,東証1部,2015.00,2035.00,2015.00,2035.00,2800,5667500
4995-F,サンケイ化,福証,114.00,114.00,114.00,114.00,1000,114000
4996-T,クミアイ化,東証1部,427.00,428.00,413.00,413.00,105000,44317000
4997-T,日農薬,東証1部,874.00,893.00,870.00,890.00,202000,178811000
4998-T,フマキラー,東証2部,469.00,469.00,460.00,465.00,22000,10210000
4999-T,セメダイン,東証2部,316.00,316.00,316.00,316.00,1000,316000
5001-T,新日石,東証1部,519.00,520.00,512.00,514.00,3294000,1700866000
5001-O,新日石,大証1部,,,,,0,0
5001-S,新日石,札証,,,,,0,0
5001-F,新日石,福証,,,,,0,0
5002-T,昭和シェル,東証1部,991.00,991.00,965.00,967.00,784800,765327000
5007-T,コスモ石,東証1部,295.00,295.00,288.00,288.00,1731000,503989000
5007-O,コスモ石,大証1部,,,,,0,0
5008-T,東亜石,東証2部,130.00,133.00,115.00,128.00,190000,24377000
5009-T,富士興,東証1部,94.00,94.00,91.00,92.00,193000,17848000
5010-T,日精蝋,東証2部,178.00,179.00,178.00,179.00,3000,536000
5011-T,ニチレキ,東証1部,380.00,388.00,377.00,378.00,16000,6105000
5012-T,東ゼネ石,東証1部,941.00,944.00,933.00,936.00,300000,281443000
5013-T,ユシロ化,東証1部,1319.00,1319.00,1302.00,1314.00,3800,4973400
5015-T,BPカストロール,東証1部,321.00,321.00,312.00,312.00,8200,2581000
5016-T,新日鉱HD,東証1部,470.00,471.00,462.00,464.00,1466000,684392500
5016-O,新日鉱HD,大証1部,,,,,0,0
5017-T,AOCHD,東証1部,850.00,852.00,832.00,839.00,90500,76246100
5018-T,MORESCO,東証2部,410.00,410.00,410.00,410.00,300,123000
5019-T,出光興産,東証1部,8090.00,8100.00,7920.00,7990.00,36100,288483000
5101-T,浜ゴム,東証1部,487.00,495.00,480.00,480.00,526000,257237000
5101-O,浜ゴム,大証1部,,,,,0,0
5103-T,昭和HD,東証2部,51.00,51.00,48.00,49.00,196900,9811600
5104-T,日化工,東証2部,69.00,69.00,69.00,69.00,1000,69000
5105-T,洋ゴム,東証1部,237.00,246.00,233.00,235.00,2108000,508938000
5105-O,洋ゴム,大証1部,,,,,0,0
5108-T,ブリヂストン,東証1部,1608.00,1643.00,1600.00,1606.00,2797300,4534154800
5108-O,ブリヂストン,大証1部,,,,,0,0
5108-F,ブリヂストン,福証,,,,,0,0
5110-T,住友ゴム,東証1部,803.00,817.00,795.00,796.00,1039000,839670700
5110-O,住友ゴム,大証1部,,,,,0,0
5121-T,藤倉ゴム,東証1部,375.00,377.00,370.00,370.00,3700,1376100
5122-T,オカモト,東証1部,327.00,330.00,327.00,327.00,15000,4919000
5142-T,アキレス,東証1部,153.00,153.00,151.00,151.00,30000,4568000
5161-T,西川ゴム,東証2部,,,,,0,0
5162-J,朝日ラバー,JQ,,,,,0,0
5184-O,ニチリン,大証2部,237.00,237.00,236.00,236.00,2000,473000
5185-T,フコク,東証1部,475.00,475.00,470.00,470.00,5400,2558000
5186-T,ニッタ,東証1部,1390.00,1409.00,1388.00,1392.00,33900,47402800
5186-O,ニッタ,大証1部,,,,,0,0
5187-T,クリエート,東証1部,911.00,919.00,911.00,912.00,2400,2195800
5188-J,帝都ゴム,JQ,118.00,119.00,118.00,119.00,5000,593000
5189-T,桜ゴム,東証2部,,,,,0,0
5191-T,東海ゴム,東証1部,1042.00,1042.00,996.00,998.00,65600,66862800
5192-T,三星ベ,東証1部,415.00,416.00,413.00,413.00,23000,9535000
5192-O,三星ベ,大証1部,,,,,0,0
5194-T,相模ゴム,東証2部,250.00,250.00,250.00,250.00,1000,250000
5195-T,バンドー,東証1部,246.00,250.00,242.00,242.00,95000,23364000
5195-O,バンドー,大証1部,,,,,0,0
5196-T,鬼怒ゴム,東証1部,151.00,151.00,149.00,149.00,67000,10040000
5199-J,不二ラテ,JQ,170.00,170.00,170.00,170.00,7000,1190000
5201-T,旭硝子,東証1部,786.00,799.00,777.00,777.00,2116000,1671420000
5201-O,旭硝子,大証1部,,,,,0,0
5202-T,板硝子,東証1部,275.00,277.00,271.00,273.00,1390000,380969000
5202-O,板硝子,大証1部,,,,,0,0
5204-T,石塚硝,東証1部,213.00,214.00,212.00,214.00,35000,7458000
5208-T,有沢製,東証1部,589.00,591.00,582.00,583.00,25200,14814500
5210-T,日山村硝,東証1部,259.00,259.00,255.00,256.00,146000,37627000
5210-O,日山村硝,大証1部,,,,,0,0
5212-J,不二硝,JQ,410.00,410.00,375.00,375.00,700,269500
5214-T,日電硝,東証1部,1045.00,1082.00,1045.00,1055.00,1279000,1360536000
5214-O,日電硝,大証1部,,,,,0,0
5216-J,倉元,JQ,118.00,118.00,111.00,111.00,27800,3185100
5217-J,テクノクオーツ,JQ,,,,,0,0
5218-T,オハラ,東証1部,1440.00,1440.00,1352.00,1374.00,23100,32421900
5232-T,住阪セメ,東証1部,204.00,204.00,201.00,201.00,790000,160122000
5232-O,住阪セメ,大証1部,,,,,0,0
5233-T,太平洋セメ,東証1部,165.00,165.00,159.00,161.00,3227000,521706000
5233-F,太平洋セメ,福証,,,,,0,0
5234-T,デイシイ,東証1部,312.00,313.00,310.00,310.00,13200,4117300
5237-O,ノザワ,大証2部,143.00,143.00,143.00,143.00,1000,143000
5261-T,リソル,東証1部,155.00,158.00,155.00,157.00,68000,10649000
5262-T,日ヒューム,東証1部,306.00,306.00,305.00,305.00,2000,611000
5267-T,ハネックス,東証2部,90.00,113.00,87.00,102.00,5539000,555483000
5268-T,旭コンクリ,東証2部,,,,,0,0
5269-T,日本コン,東証1部,183.00,185.00,175.00,175.00,106000,19266000
5271-T,トーヨーアサノ,東証2部,90.00,90.00,90.00,90.00,1000,90000
5273-O,三谷セキ,大証2部,578.00,583.00,571.00,577.00,800,462000
5274-J,日ゼニス,JQ,110.00,110.00,110.00,110.00,1000,110000
5276-T,石川建,東証2部,98.00,98.00,96.00,96.00,8000,777000
5277-J,スパンクリト,JQ,,,,,0,0
5279-J,日興業,JQ,131.00,131.00,130.00,130.00,21000,2741000
5280-J,ヨシコン,JQ,254.00,254.00,253.00,253.00,3000,760000
5282-T,ジオスター,東証2部,131.00,133.00,120.00,130.00,109000,14026000
5283-J,高見澤,JQ,,,,,0,0
5284-J,ヤマウ,JQ,,,,,0,0
5285-J,ヤマックス,JQ,129.00,137.00,126.00,133.00,86000,11347000
5287-O,イトーヨーギョ,大証2部,,,,,0,0
5288-T,Jパイル,東証2部,,,,,0,0
5288-O,Jパイル,大証2部,310.00,319.00,310.00,319.00,5900,1837400
5301-T,東海カ,東証1部,511.00,519.00,505.00,505.00,890000,455696000
5302-T,日カーボン,東証1部,268.00,272.00,265.00,267.00,489000,131209000
5304-O,SECカーボン,大証2部,745.00,751.00,740.00,751.00,89000,66418000
5310-T,東洋炭素,東証1部,3660.00,3680.00,3630.00,3630.00,18800,68636000
5331-T,ノリタケ,東証1部,331.00,338.00,329.00,332.00,149000,49678000
5332-T,TOTO,東証1部,663.00,663.00,633.00,633.00,1463000,946158000
5332-F,TOTO,福証,,,,,0,0
5333-T,ガイシ,東証1部,2085.00,2085.00,2005.00,2010.00,1787000,3664945000
5333-O,ガイシ,大証1部,,,,,0,0
5333-S,ガイシ,札証,,,,,0,0
5334-T,特殊陶,東証1部,977.00,984.00,967.00,974.00,314000,305996000
5337-T,ダントーHD,東証1部,140.00,144.00,140.00,142.00,29000,4092000
5337-O,ダントーHD,大証1部,,,,,0,0
5341-O,アサヒ陶,大証2部,42.00,47.00,41.00,41.00,639000,27794000
5344-T,MARUWA,東証1部,1690.00,1712.00,1687.00,1712.00,13100,22262700
5345-T,日本セラテク,東証1部,40500.00,40500.00,40500.00,40500.00,8,324000
5351-T,白煉瓦,東証1部,261.00,263.00,259.00,259.00,129000,33726000
5351-O,白煉瓦,大証1部,,,,,0,0
5351-S,白煉瓦,札証,,,,,0,0
5352-T,黒崎播磨,東証1部,199.00,199.00,197.00,197.00,51000,10096000
5352-F,黒崎播磨,福証,,,,,0,0
5355-T,ルツボ,東証2部,123.00,123.00,123.00,123.00,1000,123000
5357-O,ヨータイ,大証1部,202.00,202.00,202.00,202.00,6000,1212000
5358-O,イソライト,大証1部,,,,,0,0
5363-T,TYK,東証1部,226.00,226.00,224.00,224.00,8000,1806000
5367-T,ニッカトー,東証1部,586.00,590.00,582.00,586.00,14600,8572900
5380-J,新東,JQ,213.00,213.00,213.00,213.00,1000,213000
5381-J,日本ミクロ,JQ,269.00,270.00,265.00,270.00,11700,3149900
5383-J,三共理化,JQ,,,,,0,0
5384-T,フジミインコ,東証1部,1698.00,1698.00,1655.00,1660.00,30300,50819200
5386-T,鶴弥,東証2部,262.00,265.00,260.00,265.00,2400,630200
5387-J,チヨダウーテ,JQ,370.00,370.00,370.00,370.00,100,37000
5388-J,クニミネ工,JQ,,,,,0,0
5389-O,日レヂ,大証2部,,,,,0,0
5390-T,宇部マテ,東証2部,234.00,235.00,230.00,230.00,56000,13017000
5390-F,宇部マテ,福証,,,,,0,0
5391-T,A&AM,東証1部,103.00,103.00,101.00,101.00,95000,9658000
5393-T,ニチアス,東証1部,311.00,325.00,311.00,319.00,935000,296919000
5395-T,理コランダ,東証2部,154.00,154.00,154.00,154.00,10000,1540000
5398-O,日研紙,大証2部,123.00,123.00,122.00,122.00,7000,858000
5401-T,新日鉄,東証1部,356.00,357.00,348.00,350.00,15337000,5409567000
5401-O,新日鉄,大証1部,,,,,0,0
5401-S,新日鉄,札証,,,,,0,0
5401-F,新日鉄,福証,,,,,0,0
5405-T,住金,東証1部,246.00,247.00,242.00,243.00,9492000,2327507000
5405-O,住金,大証1部,,,,,0,0
5405-S,住金,札証,,,,,0,0
5405-F,住金,福証,,,,,0,0
5406-T,神戸鋼,東証1部,182.00,183.00,177.00,177.00,5665000,1024162000
5406-O,神戸鋼,大証1部,,,,,0,0
5407-T,日新鋼,東証1部,214.00,216.00,212.00,213.00,1725000,368301000
5407-O,日新鋼,大証1部,,,,,0,0
5407-F,日新鋼,福証,,,,,0,0
5408-T,中山鋼,東証1部,226.00,228.00,225.00,225.00,80000,18128000
5408-O,中山鋼,大証1部,,,,,0,0
5410-T,合同鉄,東証1部,279.00,279.00,273.00,274.00,292000,80610000
5411-T,JFEHD,東証1部,3150.00,3160.00,3060.00,3070.00,948400,2956408000
5411-O,JFEHD,大証1部,,,,,0,0
5412-T,POSCO,東証1部外国,,,,,0,0
5423-T,東製鉄,東証1部,1140.00,1148.00,1116.00,1128.00,465300,525889200
5440-T,共英製鋼,東証1部,2710.00,2710.00,2660.00,2660.00,36400,98046500
5440-O,共英製鋼,大証1部,,,,,0,0
5444-T,大和工,東証1部,2685.00,2730.00,2665.00,2675.00,53300,143471000
5444-O,大和工,大証1部,,,,,0,0
5445-T,東京鉄,東証1部,359.00,364.00,357.00,357.00,73000,26292000
5446-T,北越メタル,東証2部,223.00,226.00,223.00,224.00,15000,3361000
5448-J,東鋼鉄,JQ,,,,,0,0
5449-T,大阪製鉄,東証1部,1676.00,1676.00,1651.00,1673.00,800,1337400
5449-O,大阪製鉄,大証1部,1663.00,1693.00,1663.00,1674.00,19400,32604000
5450-S,豊平製鋼,札証,,,,,0,0
5451-T,淀川鋼,東証1部,479.00,479.00,468.00,468.00,68000,32202000
5451-O,淀川鋼,大証1部,,,,,0,0
5453-T,洋鋼鈑,東証1部,435.00,435.00,424.00,425.00,69000,29577000
5453-O,洋鋼鈑,大証1部,,,,,0,0
5456-J,朝日工業,JQ,200000.00,202000.00,199200.00,199800.00,55,11007100
5457-T,住友鋼管,東証1部,538.00,538.00,532.00,534.00,8800,4712700
5458-T,高砂鉄,東証2部,,,,,0,0
5463-T,丸一管,東証1部,1803.00,1808.00,1771.00,1773.00,95600,170784800
5463-O,丸一管,大証1部,,,,,0,0
5464-T,モリ工業,東証1部,212.00,212.00,210.00,211.00,8000,1688000
5464-O,モリ工業,大証1部,,,,,0,0
5471-T,大特鋼,東証1部,384.00,384.00,378.00,378.00,604000,229700000
5476-T,高周波,東証1部,109.00,109.00,107.00,107.00,44000,4762000
5479-T,日金工,東証1部,215.00,219.00,214.00,217.00,355000,76952000
5480-T,冶金工,東証1部,490.00,495.00,477.00,481.00,1084500,526968500
5481-T,山特鋼,東証1部,364.00,367.00,354.00,354.00,237000,85446000
5482-T,愛知鋼,東証1部,352.00,352.00,345.00,346.00,40000,13956000
5484-J,東北鋼,JQ,,,,,0,0
5486-T,日立金,東証1部,765.00,772.00,751.00,753.00,783000,597518000
5486-O,日立金,大証1部,,,,,0,0
5491-T,日金属,東証1部,165.00,166.00,163.00,163.00,49000,8076000
5541-T,大平金,東証1部,737.00,740.00,708.00,711.00,2269000,1634811000
5541-O,大平金,大証1部,,,,,0,0
5542-J,報国鉄,JQ,,,,,0,0
5563-T,日電工,東証1部,672.00,683.00,653.00,655.00,4610000,3078277000
5566-T,中央電,東証2部,824.00,824.00,790.00,800.00,84000,67911000
5602-T,栗本鉄,東証1部,110.00,110.00,107.00,107.00,202000,21909000
5602-O,栗本鉄,大証1部,,,,,0,0
5603-O,虹技,大証1部,166.00,166.00,161.00,162.00,49000,7990000
5605-T,アイメタル,東証2部,185.00,185.00,185.00,185.00,1000,185000
5606-T,旭テック,東証1部,49.00,51.00,48.00,49.00,443000,21895000
5609-T,日鋳造,東証2部,127.00,127.00,125.00,125.00,35000,4419000
5610-T,大和重,東証2部,130.00,130.00,130.00,130.00,4000,520000
5612-T,鋳鉄管,東証1部,135.00,135.00,135.00,135.00,7000,945000
5614-T,川金HD,東証2部,317.00,317.00,317.00,317.00,300,95100
5631-T,日製鋼,東証1部,1179.00,1181.00,1161.00,1165.00,1299000,1520744000
5631-O,日製鋼,大証1部,,,,,0,0
5631-S,日製鋼,札証,,,,,0,0
5631-F,日製鋼,福証,,,,,0,0
5632-T,菱製鋼,東証1部,225.00,230.00,225.00,228.00,170000,38586000
5641-T,TDF,東証2部,106.00,106.00,104.00,105.00,13000,1365000
5644-O,メタルアート,大証2部,154.00,154.00,154.00,154.00,3000,462000
5645-J,イチタン,JQ,89.00,89.00,89.00,89.00,5000,445000
5657-T,鈴木金,東証2部,223.00,227.00,223.00,227.00,2000,450000
5658-T,日亜鋼,東証1部,305.00,307.00,302.00,306.00,15000,4576000
5658-O,日亜鋼,大証1部,,,,,0,0
5659-T,日精線,東証1部,306.00,313.00,304.00,307.00,204000,62654000
5659-O,日精線,大証1部,,,,,0,0
5660-T,神鋼線,東証2部,185.00,185.00,185.00,185.00,2000,370000
5695-J,パウダテク,JQ,211.00,216.00,211.00,216.00,9000,1909000
5697-O,サンユウ,大証2部,,,,,0,0
5701-T,日軽金,東証1部,102.00,103.00,100.00,101.00,1526000,155062000
5701-O,日軽金,大証1部,,,,,0,0
5702-T,大紀アルミ,東証1部,229.00,233.00,229.00,233.00,11000,2530000
5702-O,大紀アルミ,大証1部,230.00,230.00,226.00,226.00,23000,5239000
5706-T,三井金,東証1部,242.00,242.00,229.00,229.00,1634000,385468000
5706-O,三井金,大証1部,,,,,0,0
5707-T,東邦鉛,東証1部,378.00,380.00,365.00,366.00,675000,251689000
5707-O,東邦鉛,大証1部,,,,,0,0
5711-T,三菱マ,東証1部,283.00,283.00,277.00,279.00,4243000,1189102000
5711-O,三菱マ,大証1部,,,,,0,0
5713-T,住友鉱,東証1部,1361.00,1369.00,1341.00,1346.00,1979000,2679242000
5713-O,住友鉱,大証1部,,,,,0,0
5714-T,DOWA,東証1部,388.00,390.00,378.00,379.00,913000,350127000
5714-O,DOWA,大証1部,,,,,0,0
5714-S,DOWA,札証,,,,,0,0
5714-F,DOWA,福証,,,,,0,0
5715-T,古河機,東証1部,120.00,121.00,117.00,118.00,896000,106512000
5715-O,古河機,大証1部,,,,,0,0
5721-T,S･サイエンス,東証1部,3.00,4.00,3.00,3.00,794000,2446000
5721-O,S･サイエンス,大証1部,4.00,4.00,4.00,4.00,780000,3120000
5724-J,アサカ理研,JQ,600.00,600.00,584.00,584.00,2700,1596300
5726-T,大阪チタ,東証1部,3410.00,3450.00,3400.00,3400.00,24800,84766000
5727-T,邦チタニウム,東証1部,1617.00,1646.00,1613.00,1623.00,63100,102660900
5729-T,日精鉱,東証2部,186.00,186.00,182.00,182.00,6000,1105000
5738-T,住軽金,東証1部,103.00,103.00,101.00,101.00,201000,20534000
5738-O,住軽金,大証1部,,,,,0,0
5739-T,日製箔,東証2部,149.00,149.00,149.00,149.00,11000,1639000
5741-T,古河スカイ,東証1部,185.00,187.00,183.00,184.00,325000,60218000
5742-J,NIC,JQ,22600.00,23000.00,22600.00,22610.00,9,203830
5753-T,日伸銅,東証2部,104.00,104.00,102.00,103.00,17000,1750000
5753-O,日伸銅,大証2部,,,,,0,0
5758-H,FCM,HCスタンダード,,,,,0,0
5781-O,東邦金,大証2部,90.00,90.00,90.00,90.00,2000,180000
5801-T,古河電,東証1部,470.00,471.00,455.00,459.00,6013000,2787133000
5801-O,古河電,大証1部,,,,,0,0
5802-T,住友電,東証1部,1089.00,1097.00,1062.00,1067.00,2391600,2590520700
5802-O,住友電,大証1部,,,,,0,0
5802-F,住友電,福証,,,,,0,0
5803-T,フジクラ,東証1部,489.00,491.00,474.00,476.00,1542000,741584000
5803-O,フジクラ,大証1部,,,,,0,0
5804-T,菱線工,東証1部,109.00,109.00,105.00,106.00,256000,27448000
5805-T,昭電線HD,東証1部,130.00,130.00,126.00,127.00,2610000,334957000
5807-T,東特線,東証1部,125.00,128.00,124.00,124.00,97000,12238000
5809-T,タツタ線,東証1部,251.00,251.00,247.00,247.00,7000,1744000
5809-O,タツタ線,大証1部,,,,,0,0
5812-T,日立線,東証1部,312.00,312.00,301.00,302.00,549000,168894000
5812-O,日立線,大証1部,,,,,0,0
5815-T,沖電線,東証1部,161.00,161.00,156.00,158.00,50000,7904000
5816-T,オーナンバ,東証2部,,,,,0,0
5816-O,オーナンバ,大証2部,531.00,531.00,520.00,520.00,15400,8088800
5817-O,日電線,大証2部,334.00,334.00,334.00,334.00,400,133600
5819-T,カナレ電気,東証1部,1052.00,1052.00,1045.00,1045.00,1600,1676400
5820-J,三ッ星,JQ,,,,,0,0
5821-T,平河ヒューテ,東証1部,701.00,703.00,695.00,695.00,2700,1891600
5851-T,リョービ,東証1部,244.00,246.00,240.00,241.00,76000,18498000
5852-T,アーレスティ,東証2部,486.00,495.00,481.00,486.00,21200,10312700
5856-T,東理HD,東証2部,6.00,7.00,5.00,6.00,924000,5577000
5857-T,アサヒHD,東証1部,1784.00,1799.00,1764.00,1775.00,51600,91848300
5900-J,ダイケン,JQ,,,,,0,0
5901-T,洋カン,東証1部,1926.00,1953.00,1904.00,1907.00,359600,688909500
5901-O,洋カン,大証1部,,,,,0,0
5902-T,ホッカンHD,東証1部,250.00,252.00,249.00,249.00,19000,4747000
5902-S,ホッカンHD,札証,,,,,0,0
5903-J,SHINPO,JQ,182.00,182.00,178.00,178.00,4200,757800
5905-T,日カン,東証2部,,,,,0,0
5906-J,MK精工,JQ,,,,,0,0
5907-O,JFEコンテナ,大証2部,250.00,250.00,250.00,250.00,1000,250000
5909-T,コロナ,東証1部,1219.00,1219.00,1190.00,1199.00,1600,1930300
5911-T,横河ブHD,東証1部,796.00,796.00,786.00,786.00,14000,11073000
5912-T,日本橋梁,東証1部,232.00,235.00,230.00,231.00,11550,2674450
5912-O,日本橋梁,大証1部,,,,,0,0
5913-T,松尾橋,東証1部,118.00,118.00,118.00,118.00,36000,4248000
5913-O,松尾橋,大証1部,,,,,0,0
5915-T,駒井鉄,東証1部,218.00,218.00,214.00,214.00,8000,1724000
5915-O,駒井鉄,大証1部,,,,,0,0
5916-T,ハルテック,東証1部,108.00,108.00,104.00,104.00,40000,4240000
5916-O,ハルテック,大証1部,,,,,0,0
5917-T,サクラダ,東証1部,31.00,32.00,30.00,31.00,875000,27125000
5918-T,滝上工,東証2部,245.00,245.00,235.00,235.00,15000,3643000
5919-T,JST,東証2部,470.00,470.00,470.00,470.00,2800,1316000
5921-T,川岸工,東証2部,274.00,275.00,274.00,275.00,4000,1099000
5922-T,那須鉄,東証2部,,,,,0,0
5923-T,高田機,東証1部,265.00,265.00,263.00,263.00,8000,2111000
5923-O,高田機,大証1部,,,,,0,0
5928-O,アルメタックス,大証2部,218.00,237.00,218.00,230.00,13000,2977000
5929-T,三和HD,東証1部,342.00,344.00,334.00,336.00,198000,67000000
5930-T,文化シヤタ,東証1部,363.00,363.00,360.00,360.00,15000,5414000
5933-T,アルインコ,東証2部,,,,,0,0
5933-O,アルインコ,大証2部,296.00,300.00,288.00,290.00,13200,3895100
5934-O,日本アルミ,大証2部,30.00,33.00,30.00,31.00,58000,1810000
5935-J,元旦,JQ,248.00,248.00,248.00,248.00,1000,248000
5936-T,洋シヤタ,東証1部,819.00,819.00,804.00,806.00,1300,1052800
5936-O,洋シヤタ,大証1部,,,,,0,0
5938-T,住生活G,東証1部,1462.00,1471.00,1445.00,1450.00,377700,549923500
5938-O,住生活G,大証1部,,,,,0,0
5939-J,大谷工業,JQ,170.00,174.00,170.00,174.00,4000,684000
5940-T,不二サッシ,東証2部,57.00,57.00,55.00,55.00,100500,5575400
5941-O,中西製作,大証2部,253.00,253.00,251.00,252.00,6100,1540000
5942-T,日フイルコン,東証1部,480.00,480.00,476.00,476.00,1300,620800
5943-T,ノーリツ,東証1部,1042.00,1049.00,1025.00,1035.00,85400,88525500
5943-O,ノーリツ,大証1部,,,,,0,0
5945-J,天龍鋸,JQ,,,,,0,0
5946-T,長府製,東証1部,1926.00,1936.00,1900.00,1901.00,5000,9578500
5947-T,リンナイ,東証1部,4090.00,4100.00,4050.00,4070.00,67400,274508000
5949-T,ユニプレス,東証1部,1060.00,1068.00,1042.00,1054.00,116400,123129500
5950-O,パワーファス,大証2部,,,,,0,0
5951-T,ダイニチ工,東証1部,618.00,620.00,617.00,619.00,12600,7794400
5952-O,アマテイ,大証2部,61.00,63.00,61.00,62.00,11000,685000
5953-F,昭和鉄,福証,,,,,0,0
5954-O,トープラ,大証2部,85.00,85.00,85.00,85.00,5000,425000
5955-O,ヤマシナ,大証2部,41.00,42.00,40.00,41.00,200600,8204500
5956-T,トーソー,東証2部,246.00,246.00,246.00,246.00,2000,492000
5957-T,日東精,東証1部,261.00,261.00,261.00,261.00,4000,1044000
5957-O,日東精,大証1部,,,,,0,0
5958-T,三洋工,東証1部,174.00,175.00,172.00,172.00,4000,693000
5959-T,岡部,東証1部,390.00,395.00,390.00,392.00,31200,12218000
5962-O,浅香工,大証2部,94.00,94.00,93.00,93.00,7000,653000
5963-T,日立ツール,東証1部,855.00,860.00,851.00,852.00,3800,3248800
5963-O,日立ツール,大証1部,,,,,0,0
5964-T,洋刃物,東証2部,102.00,102.00,102.00,102.00,2000,204000
5965-T,フジマック,東証2部,420.00,420.00,420.00,420.00,700,294000
5966-O,KTC,大証2部,,,,,0,0
5967-O,前田金,大証2部,,,,,0,0
5969-O,ロブテックス,大証2部,,,,,0,0
5970-J,菊池プレス,JQ,960.00,980.00,960.00,980.00,5500,5299200
5971-J,共和工業,JQ,399.00,399.00,399.00,399.00,1000,399000
5973-O,トーアミ,大証2部,666.00,666.00,660.00,660.00,800,531200
5974-T,中国工,東証1部,130.00,131.00,127.00,127.00,129000,16658000
5975-T,東プレ,東証1部,790.00,803.00,783.00,791.00,23900,18908000
5976-T,ネツレン,東証1部,727.00,733.00,711.00,733.00,12100,8796500
5980-J,田中亜鉛,JQ,209.00,209.00,209.00,209.00,1000,209000
5981-T,東京綱,東証1部,336.00,337.00,317.00,319.00,1864000,610201000
5981-O,東京綱,大証1部,,,,,0,0
5982-T,マルゼン,東証2部,444.00,444.00,440.00,440.00,5000,2207000
5983-J,イワブチ,JQ,,,,,0,0
5984-T,兼房,東証2部,550.00,550.00,550.00,550.00,200,110000
5985-O,サンコール,大証1部,279.00,279.00,279.00,279.00,2000,558000
5986-O,モリテック,大証1部,186.00,193.00,186.00,189.00,16000,3017000
5987-J,オーネックス,JQ,158.00,158.00,155.00,155.00,10000,1560000
5988-T,パイオラックス,東証1部,1504.00,1534.00,1504.00,1534.00,1000,1519000
5989-J,エイチワン,JQ,389.00,389.00,381.00,381.00,6900,2675100
5990-J,スーパーツール,JQ,241.00,241.00,241.00,241.00,1000,241000
5991-T,ニッパツ,東証1部,644.00,652.00,620.00,622.00,490000,311572000
5992-T,中発条,東証1部,253.00,253.00,253.00,253.00,7000,1771000
5994-T,ファインシンター,東証2部,200.00,200.00,200.00,200.00,8000,1600000
5995-O,科冶金,大証2部,216.00,216.00,210.00,210.00,8000,1705000
5996-T,新立川,東証2部,4350.00,4350.00,4350.00,4350.00,500,2175000
5997-J,協立AT,JQ,308.00,308.00,308.00,308.00,2500,770000
5998-T,アドバネクス,東証1部,88.00,90.00,88.00,89.00,24000,2131000
5999-J,イハラサイエンス,JQ,,,,,0,0
6005-T,三浦工,東証1部,2165.00,2230.00,2150.00,2190.00,87300,191858000
6005-O,三浦工,大証1部,,,,,0,0
6013-T,タクマ,東証1部,243.00,245.00,236.00,239.00,141000,34033000
6013-O,タクマ,大証1部,,,,,0,0
6016-O,神発動,大証2部,135.00,136.00,135.00,136.00,6000,813000
6018-O,阪神燃,大証2部,260.00,260.00,260.00,260.00,22000,5720000
6022-T,赤阪鉄,東証2部,214.00,214.00,214.00,214.00,12000,2568000
6023-O,ダイハツデ,大証2部,628.00,628.00,620.00,620.00,14000,8756000
6042-T,ニッキ,東証2部,240.00,240.00,240.00,240.00,1000,240000
6101-T,ツガミ,東証1部,206.00,206.00,201.00,201.00,72000,14635000
6101-O,ツガミ,大証1部,,,,,0,0
6103-T,オークマ,東証1部,429.00,430.00,417.00,417.00,401000,169854000
6104-T,東芝機,東証1部,344.00,345.00,338.00,340.00,363000,123891000
6112-T,小島鉄,東証2部,,,,,0,0
6113-T,アマダ,東証1部,586.00,593.00,579.00,581.00,855000,498828000
6113-O,アマダ,大証1部,,,,,0,0
6118-T,アイダ,東証1部,315.00,319.00,312.00,313.00,21800,6870300
6121-T,滝澤鉄,東証2部,86.00,86.00,83.00,85.00,80000,6806000
6125-T,岡本工,東証2部,117.00,118.00,116.00,116.00,17000,1987000
6131-T,浜井産,東証2部,101.00,105.00,101.00,102.00,17000,1753000
6135-T,牧野フ,東証1部,314.00,318.00,310.00,310.00,355000,110932000
6136-T,OSG,東証1部,805.00,812.00,799.00,807.00,145000,116828300
6137-T,小池工,東証2部,282.00,282.00,275.00,275.00,24000,6679000
6138-T,ダイジェト,東証1部,159.00,159.00,159.00,159.00,3000,477000
6138-O,ダイジェト,大証1部,,,,,0,0
6140-T,旭ダイヤ,東証1部,556.00,572.00,556.00,560.00,66000,37313000
6141-T,森精機,東証1部,983.00,992.00,977.00,977.00,7200,7068900
6141-O,森精機,大証1部,980.00,996.00,976.00,976.00,245000,240698500
6143-T,ソディック,東証2部,255.00,257.00,253.00,254.00,9800,2495400
6144-T,西電機,東証2部,,,,,0,0
6144-O,西電機,大証2部,,,,,0,0
6144-F,西電機,福証,,,,,0,0
6145-J,日特エンシ,JQ,453.00,455.00,452.00,453.00,7600,3448200
6146-T,ディスコ,東証1部,4240.00,4250.00,4150.00,4160.00,84500,354398000
6147-J,ヤマザキ,JQ,,,,,0,0
6149-J,小田原,JQ,585.00,585.00,585.00,585.00,500,292500
6150-J,タケダ機,JQ,,,,,0,0
6151-T,日東工器,東証1部,1911.00,1911.00,1900.00,1900.00,2400,4567000
6155-T,高松機械,東証2部,292.00,292.00,292.00,292.00,700,204400
6156-J,エーワン精密,JQ,,,,,0,0
6157-J,日進工具,JQ,2250.00,2250.00,2250.00,2250.00,100,225000
6158-J,和井田,JQ,450.00,451.00,450.00,450.00,1200,540200
6159-J,ミクロン精密,JQ,,,,,0,0
6161-T,エスティック,東証マザーズ,94900.00,94900.00,94900.00,94900.00,6,569400
6162-T,ミヤノ,東証2部,89.00,89.00,87.00,88.00,16000,1404000
6163-J,H&F,JQ,295.00,299.00,290.00,299.00,12900,3822100
6164-J,太陽工機,JQ,576.00,576.00,575.00,575.00,200,115100
6201-T,豊田織機,東証1部,2360.00,2370.00,2335.00,2340.00,115300,271716000
6201-O,豊田織機,大証1部,,,,,0,0
6203-T,豊和工,東証1部,72.00,72.00,70.00,70.00,207000,14652000
6205-T,OKK,東証1部,98.00,103.00,98.00,102.00,540000,54613000
6205-O,OKK,大証1部,,,,,0,0
6208-T,石川製,東証1部,82.00,82.00,78.00,78.00,449000,35909000
6210-T,東洋機械,東証1部,161.00,161.00,154.00,154.00,500,79100
6210-O,東洋機械,大証1部,160.00,160.00,152.00,156.00,53200,8209400
6211-T,倉敷機,東証2部,,,,,0,0
6211-O,倉敷機,大証2部,,,,,0,0
6213-T,オーエム製,東証1部,382.00,382.00,380.00,380.00,29000,11053000
6213-O,オーエム製,大証1部,,,,,0,0
6217-T,津田駒,東証1部,197.00,199.00,188.00,190.00,1700000,329010000
6218-T,エンシュウ,東証1部,108.00,111.00,104.00,108.00,9592000,1029791000
6222-T,島精機,東証1部,2175.00,2175.00,2170.00,2170.00,500,1087000
6222-O,島精機,大証1部,2170.00,2185.00,2155.00,2160.00,38700,84086000
6242-T,スピンドル,東証1部,178.00,186.00,170.00,173.00,1241000,223926000
6242-O,スピンドル,大証1部,,,,,0,0
6245-O,ヒラノテク,大証2部,1116.00,1117.00,1085.00,1100.00,33000,36436000
6246-O,井上金,大証2部,480.00,480.00,480.00,480.00,1000,480000
6247-T,日阪製,東証1部,1086.00,1092.00,1053.00,1053.00,45000,48313000
6247-O,日阪製,大証1部,,,,,0,0
6250-T,やまびこ,東証1部,1298.00,1298.00,1280.00,1285.00,2700,3485900
6252-T,TAIYO,東証2部,123.00,123.00,121.00,122.00,49000,5995000
6254-J,野村マイクロ,JQ,570.00,570.00,570.00,570.00,2300,1311000
6255-T,エヌピーシー,東証マザーズ,5260.00,5330.00,5180.00,5180.00,83200,437773000
6256-J,ニューフレア,JQ,50200.00,51400.00,49000.00,51100.00,916,46647650
6257-J,藤商事,JQ,118000.00,118600.00,117200.00,117800.00,101,11913200
6258-J,平田機工,JQ,523.00,523.00,519.00,519.00,900,469600
6259-J,大崎エンジ,JQ,109000.00,109000.00,109000.00,109000.00,7,763000
6260-J,アドエンジ,JQ,180.00,184.00,178.00,180.00,10200,1835700
6261-J,日本GC,JQ,129500.00,129500.00,128600.00,129400.00,7,901900
6262-T,ペガサス,東証1部,179.00,180.00,176.00,176.00,17300,3085200
6264-T,マルマエ,東証マザーズ,146200.00,146200.00,143500.00,143500.00,10,1446300
6265-J,妙徳,JQ,,,,,0,0
6266-J,タツモ,JQ,,,,,0,0
6267-J,ゼネパッカー,JQ,,,,,0,0
6268-T,ナブテスコ,東証1部,965.00,965.00,923.00,923.00,248000,233292000
6269-T,三井海洋,東証1部,1765.00,1767.00,1703.00,1703.00,70500,122654800
6271-T,ニッセイ,東証2部,665.00,668.00,665.00,668.00,300,200100
6272-T,レオン自機,東証1部,257.00,261.00,253.00,253.00,6000,1536000
6273-T,SMC,東証1部,10190.00,10220.00,10040.00,10090.00,44500,450121000
6274-T,新川,東証1部,1362.00,1381.00,1362.00,1375.00,23300,31997800
6276-J,ナビタス,JQ,305.00,305.00,305.00,305.00,4000,1220000
6277-T,ホソカワミクロ,東証1部,449.00,449.00,437.00,438.00,49000,21639000
6277-O,ホソカワミクロ,大証1部,,,,,0,0
6278-T,ユニオンツール,東証1部,2490.00,2500.00,2450.00,2455.00,8700,21540000
6279-O,瑞光,大証2部,740.00,741.00,740.00,741.00,900,666600
6281-J,前田製,JQ,,,,,0,0
6282-T,オイレス工,東証1部,1446.00,1462.00,1411.00,1430.00,16200,23300400
6284-J,ASB機械,JQ,,,,,0,0
6286-J,靜甲,JQ,540.00,540.00,540.00,540.00,1000,540000
6287-T,サトー,東証1部,910.00,910.00,883.00,890.00,9900,8856000
6289-O,技研製,大証2部,492.00,492.00,492.00,492.00,1000,492000
6291-T,エアーテック,東証1部,511.00,513.00,498.00,499.00,4900,2490900
6292-J,カワタ,JQ,,,,,0,0
6293-T,日樹工,東証1部,278.00,286.00,278.00,285.00,9600,2694000
6294-O,オカタアイヨン,大証2部,200.00,200.00,200.00,200.00,1000,200000
6297-J,鉱研工業,JQ,354.00,354.00,338.00,340.00,12400,4282700
6298-T,ワイエイシイ,東証1部,593.00,615.00,593.00,601.00,8000,4853600
6299-O,神鋼環境,大証2部,178.00,178.00,177.00,177.00,3000,532000
6300-T,アピクヤマダ,東証2部,218.00,218.00,212.00,212.00,3000,645000
6301-T,コマツ,東証1部,1489.00,1497.00,1459.00,1460.00,2150300,3174183300
6301-O,コマツ,大証1部,,,,,0,0
6302-T,住友重,東証1部,423.00,427.00,415.00,415.00,1891000,794872000
6302-O,住友重,大証1部,,,,,0,0
6303-O,ササクラ,大証2部,604.00,604.00,604.00,604.00,1000,604000
6305-T,日立建,東証1部,1550.00,1567.00,1523.00,1523.00,531100,819435800
6305-O,日立建,大証1部,1564.00,1564.00,1526.00,1526.00,400,620000
6306-T,日工,東証1部,290.00,290.00,284.00,284.00,3000,858000
6306-O,日工,大証1部,,,,,0,0
6307-O,サンセイ,大証2部,101.00,101.00,101.00,101.00,1000,101000
6309-T,巴工業,東証1部,1171.00,1172.00,1165.00,1165.00,1700,1987100
6310-T,井関農,東証1部,434.00,435.00,416.00,421.00,10927000,4633952000
6310-O,井関農,大証1部,432.00,432.00,432.00,432.00,1000,432000
6312-J,フロイント,JQ,590.00,594.00,586.00,588.00,16100,9486800
6314-J,石井工研,JQ,294.00,294.00,290.00,290.00,2200,644200
6315-T,TOWA,東証1部,671.00,678.00,665.00,665.00,2100,1408300
6315-O,TOWA,大証1部,670.00,681.00,662.00,663.00,270000,181317000
6316-T,丸山製,東証1部,235.00,240.00,232.00,233.00,1376000,325216000
6317-T,北川鉄,東証1部,128.00,129.00,127.00,127.00,68000,8696000
6319-T,シンニッタン,東証1部,285.00,285.00,278.00,283.00,15800,4456100
6321-T,石搬機,東証2部,420.00,420.00,420.00,420.00,18000,7560000
6322-O,タクミナ,大証2部,511.00,511.00,511.00,511.00,300,153300
6323-J,ローツェ,JQ,184.00,184.00,182.00,182.00,3800,695100
6324-J,ハーモニック,JQ,236400.00,236800.00,236300.00,236800.00,11,2601700
6325-T,タカキタ,東証2部,,,,,0,0
6326-T,クボタ,東証1部,797.00,799.00,768.00,770.00,4385000,3446979000
6326-O,クボタ,大証1部,,,,,0,0
6327-J,北川精機,JQ,367.00,367.00,367.00,367.00,2600,954200
6328-T,荏原実業,東証1部,1270.00,1270.00,1251.00,1251.00,4800,6035200
6330-T,洋エンジ,東証1部,317.00,319.00,312.00,313.00,427000,134727000
6331-T,化工機,東証1部,269.00,281.00,268.00,270.00,503000,137993000
6331-O,化工機,大証1部,,,,,0,0
6332-T,月島機,東証1部,567.00,578.00,567.00,575.00,18000,10342000
6332-O,月島機,大証1部,,,,,0,0
6333-T,帝国電機,東証1部,2230.00,2245.00,2160.00,2190.00,20300,44710500
6333-O,帝国電機,大証1部,,,,,0,0
6334-T,明治機,東証2部,61.00,64.00,59.00,61.00,1468000,90605000
6335-T,東京機,東証1部,178.00,179.00,177.00,177.00,13000,2312000
6335-O,東京機,大証1部,,,,,0,0
6336-T,石井表記,東証2部,1538.00,1540.00,1516.00,1516.00,19800,30200400
6337-J,テセック,JQ,,,,,0,0
6338-O,タカトリ,大証2部,260.00,260.00,260.00,260.00,200,52000
6339-T,新東工,東証1部,688.00,697.00,684.00,688.00,37700,26078800
6340-T,渋谷工,東証1部,740.00,740.00,726.00,727.00,2200,1621700
6342-O,太平製,大証2部,142.00,153.00,142.00,153.00,22000,3198000
6343-T,フリージアマク,東証2部,26.00,27.00,25.00,25.00,1480000,38169000
6344-O,キヤノンマシナリ,大証2部,1177.00,1177.00,1160.00,1164.00,800,930500
6345-T,アイチコーポ,東証1部,467.00,470.00,465.00,468.00,91000,42562200
6346-O,菊川鉄,大証2部,150.00,155.00,150.00,155.00,4000,605000
6347-J,プラコー,JQ,26.00,27.00,25.00,26.00,89000,2313000
63471-J,プラコーN,JQ,,,,,0,0
6349-T,小森,東証1部,1157.00,1159.00,1113.00,1123.00,67300,76378800
6349-O,小森,大証1部,,,,,0,0
6351-T,鶴見製,東証1部,635.00,638.00,635.00,638.00,24000,15263000
6351-O,鶴見製,大証1部,,,,,0,0
6352-J,トヨコケン,JQ,80.00,84.00,80.00,84.00,3000,244000
6355-T,住友精,東証1部,389.00,391.00,383.00,386.00,21000,8123000
6355-O,住友精,大証1部,,,,,0,0
6356-T,日ギア,東証2部,270.00,270.00,270.00,270.00,4000,1080000
6356-O,日ギア,大証2部,,,,,0,0
6357-O,三精輸,大証2部,494.00,494.00,475.00,475.00,1000,484500
6358-T,酒井重,東証1部,166.00,166.00,163.00,164.00,22000,3609000
6360-T,東自機,東証2部,122.00,122.00,122.00,122.00,12000,1464000
6361-T,荏原,東証1部,319.00,321.00,315.00,315.00,783000,248921000
6361-S,荏原,札証,,,,,0,0
6362-T,石井鉄,東証1部,184.00,184.00,180.00,181.00,13000,2363000
6363-T,酉島製,東証1部,1410.00,1412.00,1380.00,1397.00,47800,66896900
6363-O,酉島製,大証1部,,,,,0,0
6364-T,北越工,東証2部,163.00,165.00,163.00,165.00,2000,328000
6365-T,電業社,東証2部,1689.00,1690.00,1688.00,1688.00,1100,1858300
6366-T,千代建,東証1部,736.00,741.00,720.00,721.00,820000,600125000
6367-T,ダイキン,東証1部,3090.00,3150.00,3030.00,3040.00,675100,2086297000
6367-O,ダイキン,大証1部,,,,,0,0
6368-T,オルガノ,東証1部,782.00,786.00,767.00,770.00,60000,46554000
6369-T,トーヨーカネツ,東証1部,200.00,200.00,197.00,197.00,93000,18518000
6370-T,栗田工,東証1部,3200.00,3270.00,3180.00,3190.00,673200,2174446000
6370-O,栗田工,大証1部,,,,,0,0
6371-T,椿本チ,東証1部,337.00,338.00,330.00,331.00,93000,31006000
6371-O,椿本チ,大証1部,,,,,0,0
6373-T,大同工,東証1部,170.00,170.00,165.00,165.00,13000,2179000
6373-O,大同工,大証1部,,,,,0,0
6374-T,TCM,東証1部,137.00,138.00,137.00,137.00,18000,2467000
6374-O,TCM,大証1部,,,,,0,0
6375-T,日コンベヤ,東証1部,96.00,96.00,95.00,95.00,55000,5269000
6375-O,日コンベヤ,大証1部,,,,,0,0
6376-T,日機装,東証1部,688.00,697.00,687.00,687.00,67000,46237000
6378-T,木村化,東証1部,865.00,870.00,854.00,854.00,38100,32820400
6378-O,木村化,大証1部,,,,,0,0
6379-T,新興プラン,東証1部,726.00,727.00,703.00,706.00,188500,134639200
6380-O,オリチエン,大証2部,72.00,72.00,72.00,72.00,1000,72000
6381-T,アネスト岩田,東証1部,283.00,283.00,278.00,278.00,12000,3371000
6382-T,トリニ工,東証2部,399.00,407.00,399.00,407.00,2000,806000
6383-T,ダイフク,東証1部,683.00,684.00,666.00,667.00,97500,65808000
6383-O,ダイフク,大証1部,,,,,0,0
6384-J,昭和真空,JQ,740.00,740.00,730.00,730.00,3100,2283000
6387-J,サムコ,JQ,755.00,760.00,740.00,744.00,11200,8420900
6390-T,加藤製,東証1部,246.00,246.00,240.00,241.00,57000,13874000
6391-O,加地テック,大証2部,214.00,215.00,214.00,215.00,10000,2147000
6392-T,ヤマダ,東証2部,,,,,0,0
6393-T,油研工,東証1部,160.00,160.00,159.00,159.00,24000,3835000
6395-T,タダノ,東証1部,447.00,447.00,439.00,439.00,78000,34513000
6396-T,宇野鉄,東証2部,,,,,0,0
6397-O,郷鉄工,大証2部,84.00,87.00,84.00,87.00,8000,681000
6400-J,不二精機,JQ,88.00,88.00,82.00,82.00,16800,1419600
6401-J,プラステック,JQ,92000.00,92000.00,92000.00,92000.00,10,920000
6402-O,兼松エンジ,大証2部,,,,,0,0
6403-J,水道機,JQ,,,,,0,0
6405-J,鈴茂器工,JQ,535.00,535.00,525.00,525.00,300,158500
6406-T,フジテック,東証1部,485.00,494.00,485.00,485.00,16000,7828000
6406-O,フジテック,大証1部,,,,,0,0
6407-T,CKD,東証1部,491.00,494.00,484.00,484.00,27700,13517600
6408-J,小倉クラ,JQ,190.00,190.00,190.00,190.00,1000,190000
6409-T,キトー,東証1部,100400.00,100400.00,99300.00,100000.00,55,5502300
6411-J,中野冷,JQ,,,,,0,0
6412-T,平和,東証1部,1092.00,1112.00,1092.00,1111.00,40800,44824200
6413-T,理想科,東証1部,1049.00,1050.00,1031.00,1039.00,4800,5000200
6414-J,川重冷,JQ,,,,,0,0
6416-J,桂川電,JQ,,,,,0,0
6417-T,SANKYO,東証1部,5190.00,5200.00,5090.00,5100.00,124400,639786000
6418-T,金銭機,東証1部,889.00,889.00,879.00,879.00,500,443500
6418-O,金銭機,大証1部,891.00,897.00,891.00,896.00,8000,7153800
6419-T,マース,東証1部,2710.00,2730.00,2710.00,2720.00,6700,18216000
6420-T,福島工業,東証1部,720.00,746.00,720.00,740.00,11200,8276900
6420-O,福島工業,大証1部,,,,,0,0
6421-T,キヤノンFT,東証1部,1233.00,1249.00,1227.00,1229.00,4500,5581200
6423-T,ABILIT,東証1部,120.00,120.00,120.00,120.00,1400,168000
6423-O,ABILIT,大証1部,119.00,120.00,119.00,119.00,14000,1667400
6424-J,高見サイ,JQ,278.00,278.00,278.00,278.00,1000,278000
6425-J,アルゼ,JQ,788.00,790.00,778.00,784.00,36300,28459300
6428-T,オーイズミ,東証1部,226.00,226.00,223.00,225.00,2100,472500
6429-J,タイヨーエレック,JQ,366.00,369.00,366.00,367.00,4900,1799800
6430-T,ダイコク電,東証1部,1261.00,1263.00,1261.00,1263.00,2300,2903700
6432-J,竹内製作,JQ,900.00,908.00,896.00,901.00,18200,16372400
6433-J,ヒーハイスト,JQ,,,,,0,0
6436-T,アマノ,東証1部,938.00,939.00,913.00,918.00,61100,56423800
6436-O,アマノ,大証1部,,,,,0,0
6437-T,三条機,東証2部,210.00,210.00,210.00,210.00,6000,1260000
6440-T,JUKI,東証1部,129.00,129.00,127.00,127.00,590000,75729000
6443-T,東洋製,東証2部,168.00,169.00,167.00,167.00,6000,1008000
6444-T,サンデン,東証1部,251.00,252.00,246.00,246.00,151000,37694000
6445-T,蛇の目,東証1部,76.00,78.00,76.00,76.00,137000,10465000
6448-T,ブラザー,東証1部,851.00,863.00,842.00,846.00,380500,324215300
6448-O,ブラザー,大証1部,,,,,0,0
6453-T,シルバ精,東証1部,9.00,10.00,9.00,9.00,380000,3511000
6454-T,マックス,東証1部,1070.00,1070.00,1048.00,1054.00,42000,44635000
6455-T,モリタHD,東証1部,392.00,394.00,390.00,390.00,28000,10961000
6455-O,モリタHD,大証1部,,,,,0,0
6457-T,グローリー,東証1部,1901.00,1901.00,1877.00,1879.00,2500,4741400
6457-O,グローリー,大証1部,1910.00,1910.00,1877.00,1879.00,73100,137905100
6458-O,シンコウ工,大証2部,414.00,414.00,395.00,395.00,14000,5693000
6459-T,大和冷,東証1部,456.00,457.00,455.00,456.00,23000,10491000
6459-O,大和冷,大証1部,,,,,0,0
6460-T,セガサミーHD,東証1部,1188.00,1199.00,1180.00,1184.00,157400,187325400
6461-T,日ピストン,東証1部,121.00,121.00,119.00,119.00,138000,16561000
6462-T,リケン,東証1部,303.00,306.00,300.00,300.00,52000,15811000
6463-T,TPR,東証1部,451.00,452.00,436.00,437.00,21400,9477400
6465-T,ホシザキ,東証1部,1146.00,1150.00,1111.00,1115.00,66800,76235400
6466-T,トウアバルブ,東証2部,2360.00,2385.00,2360.00,2380.00,1900,4498000
6466-O,トウアバルブ,大証2部,,,,,0,0
6467-J,ニチダイ,JQ,195.00,198.00,193.00,193.00,2500,488600
6469-J,放電精密,JQ,729.00,734.00,725.00,725.00,8200,5954100
6470-T,大豊工業,東証1部,735.00,760.00,735.00,749.00,17400,12936200
6471-T,日精工,東証1部,464.00,468.00,453.00,455.00,1399000,644018000
6471-O,日精工,大証1部,,,,,0,0
6472-T,NTN,東証1部,372.00,376.00,361.00,361.00,1223000,448667000
6472-O,NTN,大証1部,,,,,0,0
6473-T,ジェイテクト,東証1部,962.00,977.00,950.00,954.00,375000,362307800
6473-O,ジェイテクト,大証1部,,,,,0,0
6474-T,不二越,東証1部,188.00,189.00,184.00,186.00,722000,134827000
6476-J,富士テクニカ,JQ,,,,,0,0
6478-O,ダイベア,大証2部,205.00,205.00,205.00,205.00,19000,3895000
6479-T,ミネベア,東証1部,411.00,411.00,400.00,401.00,432000,175111000
6479-O,ミネベア,大証1部,,,,,0,0
6480-T,日トムソン,東証1部,502.00,502.00,493.00,493.00,23000,11439000
6481-T,THK,東証1部,1437.00,1439.00,1404.00,1406.00,319700,453892800
6482-T,ユーシン精機,東証1部,1430.00,1430.00,1420.00,1420.00,800,1141100
6482-O,ユーシン精機,大証1部,,,,,0,0
6484-J,KVK,JQ,204.00,204.00,204.00,204.00,2000,408000
6485-T,前澤給,東証1部,1450.00,1452.00,1445.00,1446.00,2400,3476100
6486-T,イーグル,東証1部,391.00,395.00,387.00,390.00,33000,12881000
6487-O,積水工,大証2部,,,,,0,0
6488-J,ヨシタケ,JQ,572.00,572.00,572.00,572.00,400,228800
6489-T,前沢工,東証1部,207.00,212.00,202.00,204.00,9300,1913300
6490-T,日ピラー,東証1部,353.00,353.00,348.00,350.00,5000,1754000
6490-O,日ピラー,大証1部,,,,,0,0
6492-T,岡野バル,東証2部,842.00,852.00,842.00,852.00,6000,5080000
6492-F,岡野バル,福証,,,,,0,0
6493-T,日鍛バル,東証2部,344.00,347.00,340.00,341.00,3500,1201700
6494-J,NFK-HD,JQ,69.00,69.00,67.00,68.00,171600,11655100
6495-T,宮入バル,東証2部,48.00,49.00,45.00,46.00,977600,45917900
6496-O,中北製,大証2部,712.00,712.00,705.00,705.00,5000,3532000
6497-J,ハマイ,JQ,,,,,0,0
6498-T,キッツ,東証1部,322.00,325.00,320.00,323.00,94000,30335000
6501-T,日立,東証1部,307.00,307.00,300.00,302.00,11396000,3464558000
6501-O,日立,大証1部,,,,,0,0
6501-S,日立,札証,,,,,0,0
6501-F,日立,福証,,,,,0,0
6502-T,東芝,東証1部,350.00,355.00,343.00,344.00,18076000,6322684000
6502-O,東芝,大証1部,,,,,0,0
6503-T,三菱電,東証1部,604.00,606.00,591.00,594.00,2554000,1529743000
6503-O,三菱電,大証1部,,,,,0,0
6504-T,富士電HD,東証1部,157.00,158.00,153.00,153.00,1718000,267309000
6504-O,富士電HD,大証1部,,,,,0,0
6504-F,富士電HD,福証,,,,,0,0
6505-T,東洋電,東証1部,704.00,726.00,674.00,676.00,377000,267077000
6506-T,安川電,東証1部,673.00,696.00,666.00,669.00,2624000,1792293000
6506-F,安川電,福証,,,,,0,0
6507-T,シンフォニア,東証1部,245.00,246.00,235.00,237.00,445000,107440000
6508-T,明電舎,東証1部,582.00,591.00,564.00,569.00,14670000,8473682000
6508-O,明電舎,大証1部,582.00,582.00,582.00,582.00,1000,582000
6513-T,オリジン,東証1部,319.00,319.00,315.00,315.00,47000,14902000
6516-T,山洋電,東証2部,393.00,397.00,392.00,397.00,15000,5918000
6517-T,デンヨー,東証1部,755.00,756.00,739.00,739.00,5700,4290200
6518-J,三相電機,JQ,205.00,210.00,205.00,210.00,2000,415000
6581-T,日立工,東証1部,851.00,856.00,834.00,838.00,90100,76259200
6581-O,日立工,大証1部,,,,,0,0
6584-T,三桜工,東証1部,510.00,515.00,493.00,494.00,31400,15915000
6585-T,電産サーボ,東証2部,501.00,515.00,499.00,500.00,14000,7016000
6586-T,マキタ,東証1部,2265.00,2270.00,2210.00,2215.00,339000,757788500
6588-T,東芝テック,東証1部,372.00,377.00,370.00,372.00,138000,51519000
6590-T,芝浦メカ,東証1部,402.00,407.00,397.00,397.00,50000,20100000
6591-T,西芝電,東証2部,165.00,166.00,165.00,165.00,19000,3139000
6591-O,西芝電,大証2部,,,,,0,0
6592-T,マブチ,東証1部,4640.00,4670.00,4580.00,4580.00,25200,116161000
6593-J,ローヤル電,JQ,,,,,0,0
6594-T,日電産,東証1部,6340.00,6340.00,6160.00,6170.00,8900,55779000
6594-O,日電産,大証1部,6330.00,6340.00,6150.00,6170.00,219800,1372665000
6621-T,高岳製,東証1部,302.00,304.00,291.00,291.00,544000,161792000
6621-O,高岳製,大証1部,,,,,0,0
6622-T,ダイヘン,東証1部,343.00,346.00,334.00,334.00,247000,84256000
6622-O,ダイヘン,大証1部,,,,,0,0
6622-F,ダイヘン,福証,,,,,0,0
6624-O,田淵電,大証2部,222.00,227.00,213.00,213.00,937000,206226000
6632-T,JVCKWHD,東証1部,70.00,71.00,69.00,69.00,1426700,99038000
6633-J,アルファHD,JQ,176.00,176.00,176.00,176.00,400,70400
6634-J,netindex,JQ,41600.00,41600.00,41600.00,41600.00,8,332800
6635-J,大日光,JQ,332.00,332.00,332.00,332.00,100,33200
6636-J,シスウェーブ,JQ,3280.00,3280.00,3280.00,3280.00,10,32800
6637-J,寺崎電気,JQ,500.00,500.00,495.00,495.00,1300,645000
6638-J,Mimaki,JQ,72000.00,72000.00,68000.00,68100.00,100,6986800
6639-T,コンテック,東証2部,625.00,625.00,615.00,615.00,1600,995000
6640-J,第一精工,JQ,2795.00,2805.00,2730.00,2730.00,7600,21168000
6641-T,日新電,東証1部,512.00,518.00,500.00,502.00,169000,86364000
6641-O,日新電,大証1部,516.00,516.00,506.00,506.00,2000,1022000
6643-T,戸上電,東証2部,132.00,137.00,132.00,137.00,6000,812000
6644-T,大崎電,東証1部,1058.00,1059.00,1028.00,1033.00,126000,131819000
6645-T,オムロン,東証1部,1340.00,1348.00,1317.00,1317.00,7600,10170600
6645-O,オムロン,大証1部,1325.00,1353.00,1315.00,1316.00,278400,370668300
6646-O,エナジサポ,大証2部,180.00,184.00,180.00,184.00,4000,727000
6647-T,森尾電,東証2部,159.00,159.00,152.00,153.00,23000,3582000
6648-J,かわでん,JQ,107400.00,107400.00,107400.00,107400.00,1,107400
6651-T,日東工,東証1部,993.00,994.00,976.00,980.00,37400,36949000
6652-T,IDEC,東証1部,700.00,705.00,700.00,700.00,6000,4203900
6652-O,IDEC,大証1部,,,,,0,0
6653-F,正興電,福証,,,,,0,0
6654-T,不二電機,東証2部,821.00,838.00,820.00,837.00,3700,3044300
6656-T,インスペック,東証マザーズ,29500.00,29500.00,29200.00,29400.00,12,352400
6657-J,ニッポ電機,JQ,373.00,373.00,373.00,373.00,100,37300
6658-J,シライ電子,JQ,145.00,145.00,142.00,145.00,8000,1156000
6659-J,メディアGL,JQ,38300.00,38300.00,38300.00,38300.00,386,14783800
6660-S,インネクスト,札証アンビシャス,12600.00,12600.00,12380.00,12380.00,12,150490
6661-H,オプテクスFA,HCスタンダード,,,,,0,0
6662-H,ユビテック,HCスタンダード,45300.00,47700.00,44800.00,46000.00,1197,55648250
6663-J,太洋工業,JQ,232.00,235.00,231.00,233.00,3800,882800
6664-J,オプトエレクト,JQ,457.00,468.00,457.00,462.00,46800,21634400
6665-T,エルピーダ,東証1部,1077.00,1095.00,1056.00,1062.00,899700,966372500
6666-J,リバーエレテク,JQ,229.00,229.00,229.00,229.00,700,160300
6667-T,シコー,東証マザーズ,39400.00,39400.00,38550.00,38600.00,13,504300
6668-T,プラズマ,東証マザーズ,155100.00,155200.00,141000.00,141000.00,38,5828700
6669-J,シーシーエス,JQ,209300.00,209300.00,209200.00,209200.00,8,1673700
6670-T,MCJ,東証マザーズ,12380.00,12380.00,11860.00,11860.00,1951,23501180
6671-J,アーム電子,JQ,113.00,113.00,108.00,108.00,11200,1213300
6672-T,レイテックス,東証マザーズ,108.00,111.00,108.00,109.00,13300,1456500
6674-T,GSユアサ,東証1部,874.00,881.00,847.00,851.00,28546000,24663573000
6674-O,GSユアサ,大証1部,,,,,0,0
6675-T,サクサ,東証1部,173.00,177.00,173.00,175.00,146000,25561000
6676-T,メルコ,東証1部,1181.00,1197.00,1181.00,1189.00,15000,17821400
6677-J,エスケーエレク,JQ,57000.00,57400.00,56200.00,56200.00,156,8882300
6678-T,テクノメディカ,東証1部,279900.00,280000.00,277000.00,280000.00,7,1956800
6679-J,SILEX,JQ,,,,,0,0
6701-T,NEC,東証1部,353.00,358.00,347.00,349.00,7669000,2699481000
6701-O,NEC,大証1部,,,,,0,0
6701-S,NEC,札証,,,,,0,0
6701-F,NEC,福証,,,,,0,0
6702-T,富士通,東証1部,520.00,522.00,508.00,511.00,4558000,2349052000
6702-O,富士通,大証1部,,,,,0,0
6703-T,OKI,東証1部,101.00,102.00,101.00,102.00,585000,59159000
6703-O,OKI,大証1部,,,,,0,0
6704-T,岩崎通,東証1部,113.00,113.00,110.00,112.00,240000,26824000
6706-T,電気興,東証1部,495.00,500.00,488.00,489.00,141000,69682000
6707-T,サンケン電,東証1部,390.00,390.00,384.00,385.00,211000,81527000
6709-T,明星電,東証2部,109.00,110.00,109.00,109.00,34000,3709000
6715-T,ナカヨ通,東証1部,219.00,219.00,219.00,219.00,5000,1095000
6716-J,テクニカル電,JQ,,,,,0,0
6718-T,アイホン,東証1部,1560.00,1562.00,1539.00,1547.00,2200,3414300
6719-T,富通コンポ,東証2部,33700.00,34900.00,33700.00,34900.00,31,1052000
6721-T,ウインテスト,東証マザーズ,25900.00,26500.00,25900.00,26500.00,18,472800
6722-J,A&T,JQ,,,,,0,0
6723-T,NECエレ,東証1部,930.00,940.00,904.00,909.00,341700,313269400
6724-T,エプソン,東証1部,1472.00,1492.00,1435.00,1443.00,682900,1001962300
6727-T,ワコム,東証1部,215000.00,218400.00,205400.00,208000.00,3860,815931600
6728-T,アルバック,東証1部,2830.00,2830.00,2750.00,2770.00,215500,600925500
6729-J,オンキヨー,JQ,74.00,75.00,74.00,75.00,45700,3414200
6730-T,アクセル,東証2部,3330.00,3360.00,3320.00,3330.00,8400,27996000
6731-T,ピクセラ,東証1部,264.00,272.00,259.00,265.00,16700,4401400
6734-J,ニューテック,JQ,600.00,600.00,600.00,600.00,200,120000
6736-J,サン電子,JQ,428.00,428.00,411.00,415.00,9300,3919000
6737-T,ナナオ,東証1部,1948.00,1968.00,1907.00,1923.00,11500,22306900
6738-J,東研,JQ,100.00,101.00,100.00,101.00,2000,201000
6741-T,日信号,東証1部,818.00,822.00,793.00,795.00,122400,99480100
6741-O,日信号,大証1部,,,,,0,0
6742-T,京三製,東証1部,389.00,401.00,389.00,393.00,78000,30745000
6742-O,京三製,大証1部,,,,,0,0
6743-T,大同信,東証2部,310.00,310.00,296.00,296.00,7000,2142000
6744-T,能美防,東証1部,882.00,883.00,869.00,874.00,115000,100917000
6745-T,ホーチキ,東証1部,606.00,606.00,599.00,602.00,16000,9655000
6747-T,小糸工,東証2部,396.00,401.00,381.00,381.00,11000,4305000
6748-O,星和電,大証2部,524.00,524.00,501.00,501.00,6000,3045000
6749-T,マスプロ,東証1部,862.00,867.00,859.00,861.00,17400,14997100
6750-J,エレコム,JQ,500.00,503.00,500.00,502.00,2300,1154900
6751-T,日無線,東証1部,255.00,257.00,246.00,246.00,167000,41918000
6752-T,パナソニック,東証1部,1285.00,1288.00,1266.00,1267.00,2151800,2749082800
6752-O,パナソニック,大証1部,1286.00,1286.00,1286.00,1286.00,800,1028800
6753-T,シャープ,東証1部,957.00,963.00,943.00,945.00,4430000,4226415000
6753-O,シャープ,大証1部,958.00,958.00,958.00,958.00,20000,19160000
6753-S,シャープ,札証,,,,,0,0
6753-F,シャープ,福証,,,,,0,0
6754-T,アンリツ,東証1部,420.00,420.00,407.00,408.00,442000,182609000
6755-T,富通ゼネ,東証1部,296.00,298.00,285.00,285.00,398000,116385000
6755-O,富通ゼネ,大証1部,,,,,0,0
6756-T,日立国際,東証1部,737.00,744.00,702.00,708.00,506000,365425000
6756-O,日立国際,大証1部,,,,,0,0
6757-J,OSGコーポ,JQ,229.00,229.00,228.00,229.00,1600,365800
6758-T,ソニー,東証1部,2425.00,2435.00,2385.00,2395.00,4002300,9651174000
6758-O,ソニー,大証1部,2400.00,2400.00,2400.00,2400.00,100,240000
6759-T,NECトーキン,東証1部,232.00,233.00,232.00,232.00,92000,21365000
6762-T,TDK,東証1部,4390.00,4420.00,4300.00,4330.00,377400,1648056000
6763-T,帝通工,東証1部,256.00,256.00,255.00,255.00,18000,4605000
6763-O,帝通工,大証1部,,,,,0,0
6764-T,三洋電,東証1部,240.00,241.00,227.00,230.00,18837000,4400246000
6764-O,三洋電,大証1部,234.00,234.00,234.00,234.00,1000,234000
6766-T,宮越商,東証1部,843.00,843.00,816.00,816.00,4900,4064000
6766-O,宮越商,大証1部,,,,,0,0
6767-T,ミツミ,東証1部,2070.00,2075.00,1983.00,1991.00,451100,908309400
6767-O,ミツミ,大証1部,,,,,0,0
6768-T,タムラ製,東証1部,429.00,442.00,428.00,429.00,1391000,603595000
6769-J,ザイン,JQ,219900.00,222900.00,216000.00,218000.00,453,99442800
6770-T,アルプス,東証1部,509.00,513.00,493.00,493.00,548900,276057500
6771-T,池上通,東証1部,96.00,97.00,94.00,94.00,128000,12286000
6772-T,コスモス電,東証2部,,,,,0,0
6773-T,パイオニア,東証1部,286.00,288.00,281.00,281.00,1163200,330265500
6775-T,東和メクス,東証2部,35.00,36.00,35.00,36.00,282000,10064000
6776-T,天昇電,東証2部,,,,,0,0
6777-H,santec,HCスタンダード,221.00,226.00,220.00,220.00,1600,353300
6778-T,アルチザ,東証マザーズ,53300.00,53300.00,51500.00,51500.00,114,5994800
6779-T,日電波,東証1部,2240.00,2255.00,2165.00,2180.00,58200,128134500
6784-J,プラネックス,JQ,25700.00,25800.00,25510.00,25510.00,35,897320
6785-J,鈴木,JQ,447.00,447.00,430.00,430.00,3800,1678400
6786-T,リアルビジョ,東証マザーズ,40300.00,40300.00,38100.00,38400.00,33,1293600
6787-J,メイコー,JQ,1978.00,1978.00,1920.00,1925.00,19600,38610100
6788-T,日本トリム,東証1部,1940.00,1940.00,1901.00,1920.00,1600,3084300
6789-T,ローランドDG,東証1部,1281.00,1289.00,1270.00,1276.00,13200,16905600
6790-T,ノダスクリーン,東証2部,36350.00,36350.00,35050.00,35500.00,24,854800
6791-T,コロムビアME,東証1部,46.00,47.00,46.00,46.00,188000,8669000
6793-T,山水電,東証1部,7.00,7.00,6.00,7.00,564000,3841000
6793-O,山水電,大証1部,,,,,0,0
6794-T,フォスタ電,東証1部,1338.00,1377.00,1280.00,1297.00,289000,383124600
6796-T,クラリオン,東証1部,93.00,95.00,93.00,94.00,357000,33508000
6796-O,クラリオン,大証1部,,,,,0,0
6798-T,SMK,東証1部,478.00,478.00,444.00,448.00,819000,376745000
6800-T,ヨコオ,東証1部,494.00,494.00,481.00,481.00,9100,4404500
6801-T,東光,東証1部,175.00,184.00,175.00,177.00,1458000,261877000
6803-T,ティアック,東証1部,59.00,59.00,58.00,58.00,222000,13077000
6804-T,ホシデン,東証1部,1267.00,1267.00,1247.00,1247.00,2100,2656700
6804-O,ホシデン,大証1部,1281.00,1282.00,1254.00,1256.00,79800,101061700
6806-T,ヒロセ電,東証1部,10490.00,10550.00,10360.00,10370.00,19700,205971000
6807-T,航空電,東証1部,637.00,646.00,618.00,622.00,118000,74366000
6809-T,TOA,東証1部,675.00,690.00,675.00,684.00,25000,17021000
6809-O,TOA,大証1部,,,,,0,0
6810-T,マクセル,東証1部,1221.00,1245.00,1213.00,1231.00,293000,360696900
6810-O,マクセル,大証1部,,,,,0,0
6812-J,ジャルコ,JQ,46.00,60.00,44.00,48.00,4663000,248500000
6814-O,古野電,大証1部,630.00,632.00,615.00,616.00,7000,4355400
6815-T,ユニデン,東証1部,288.00,298.00,282.00,284.00,213000,61188000
6816-T,アルパイン,東証1部,967.00,967.00,935.00,936.00,52400,49959200
6817-T,スミダコーポ,東証1部,649.00,700.00,646.00,688.00,45200,30288000
6818-T,島田理,東証1部,178.00,179.00,177.00,177.00,22500,3996800
6819-J,オメガHD,JQ,9.00,10.00,8.00,9.00,3407900,30703700
6820-T,アイコム,東証1部,2115.00,2115.00,2065.00,2070.00,9000,18896500
6820-O,アイコム,大証1部,,,,,0,0
6822-J,大井電気,JQ,113.00,113.00,111.00,112.00,4000,449000
6823-T,リオン,東証2部,478.00,478.00,468.00,468.00,800,379400
6824-J,新コスモス,JQ,970.00,970.00,970.00,970.00,1000,970000
6826-T,本多通信,東証2部,333.00,334.00,325.00,330.00,2700,893900
6832-T,アオイ電子,東証2部,1067.00,1140.00,1060.00,1113.00,11700,12765900
6833-O,電産リード,大証2部,1030.00,1070.00,1030.00,1065.00,900,941900
6834-J,精工技研,JQ,1024.00,1030.00,1001.00,1001.00,1300,1332800
6835-T,アライドHD,東証2部,67.00,68.00,66.00,66.00,163300,10872700
6836-T,プラットホーム,東証マザーズ,56500.00,56500.00,56500.00,56500.00,1,56500
6837-J,京写,JQ,,,,,0,0
6838-J,多摩川HD,JQ,178.00,188.00,178.00,188.00,2000,366000
6839-T,船井電機,東証1部,3940.00,3990.00,3940.00,3960.00,700,2772000
6839-O,船井電機,大証1部,3950.00,3990.00,3880.00,3890.00,80400,317751000
6840-J,アドテック,JQ,106.00,106.00,97.00,97.00,121000,12229000
6841-T,横河電,東証1部,693.00,695.00,663.00,667.00,1247300,844866300
6842-T,ユニパルス,東証2部,379.00,381.00,379.00,380.00,1300,493900
6844-T,新電元,東証1部,255.00,259.00,241.00,243.00,881000,221108000
6845-T,山武,東証1部,1972.00,1993.00,1955.00,1958.00,203700,401686200
6848-T,東亜DKK,東証2部,207.00,208.00,207.00,208.00,3000,622000
6849-T,日光電,東証1部,1297.00,1310.00,1284.00,1286.00,100300,130353100
6850-T,チノー,東証1部,296.00,304.00,287.00,297.00,552000,164243000
6852-J,テクノセブン,JQ,79.00,80.00,78.00,78.00,14000,1102000
6853-T,共和電,東証1部,262.00,262.00,256.00,256.00,10000,2587000
6855-T,電子材料,東証1部,575.00,575.00,556.00,560.00,1600,903000
6856-T,堀場製,東証1部,2230.00,2270.00,2215.00,2230.00,87300,195340500
6856-O,堀場製,大証1部,,,,,0,0
6857-T,アドバンテ,東証1部,1793.00,1797.00,1766.00,1774.00,835500,1491422400
6858-T,小野測,東証1部,422.00,422.00,420.00,420.00,8000,3366000
6859-T,エスペック,東証1部,688.00,691.00,672.00,677.00,19600,13361700
6859-O,エスペック,大証1部,,,,,0,0
6860-T,SUNX,東証1部,310.00,311.00,304.00,304.00,17100,5253500
6861-T,キーエンス,東証1部,19790.00,19980.00,19500.00,19580.00,36200,715629000
6861-O,キーエンス,大証1部,,,,,0,0
6862-J,ミナトエレ,JQ,85.00,85.00,81.00,81.00,21000,1725000
6863-J,ニレコ,JQ,890.00,890.00,890.00,890.00,100,89000
6864-J,NF回路,JQ,392.00,407.00,392.00,407.00,12000,4763000
6866-T,日置電,東証1部,1724.00,1730.00,1723.00,1724.00,900,1552000
6867-J,リーダー電,JQ,,,,,0,0
6868-J,東カソード,JQ,296.00,310.00,294.00,310.00,1500,455500
6869-T,シスメックス,東証1部,3540.00,3560.00,3490.00,3500.00,78200,276255000
6869-O,シスメックス,大証1部,,,,,0,0
6870-J,フェンオール,JQ,575.00,579.00,575.00,579.00,1600,920400
6871-J,マイクロニクス,JQ,1600.00,1627.00,1551.00,1558.00,55000,87692400
6874-J,協立電機,JQ,1500.00,1500.00,1500.00,1500.00,100,150000
6875-T,メガチップス,東証1部,2340.00,2380.00,2335.00,2350.00,62300,146611500
6876-J,光波,JQ,899.00,910.00,875.00,885.00,5500,4925700
6877-T,OBARA,東証1部,901.00,902.00,872.00,873.00,10000,8894800
6878-T,長野日無,東証2部,162.00,162.00,160.00,160.00,13000,2100000
6879-J,フォトロン,JQ,384.00,384.00,384.00,384.00,100,38400
6881-T,キョウデン,東証2部,160.00,160.00,155.00,156.00,28200,4473300
6882-O,三社電機,大証2部,680.00,699.00,660.00,699.00,15000,10232000
6883-T,電産コ電,東証1部,511.00,511.00,502.00,502.00,7100,3601400
6885-T,ミヤチテクノス,東証1部,854.00,854.00,763.00,829.00,279800,231149000
6888-J,アクモス,JQ,7700.00,7800.00,7700.00,7800.00,3,23300
6889-J,オーデリック,JQ,576.00,576.00,576.00,576.00,100,57600
6890-J,フェローテック,JQ,1175.00,1181.00,1130.00,1137.00,233800,271372200
6891-J,イーター電機,JQ,86.00,87.00,79.00,83.00,77000,6396000
6893-J,タイテック,JQ,300.00,300.00,290.00,290.00,1400,409800
6894-T,パルステック,東証2部,105.00,106.00,98.00,103.00,23000,2393000
6895-O,ダイヤ電機,大証2部,300.00,300.00,300.00,300.00,6000,1800000
6897-T,ツインバード,東証2部,123.00,123.00,120.00,120.00,6000,732000
6898-J,トミタ電機,JQ,96.00,96.00,90.00,96.00,7000,650000
6899-T,ASTI,東証2部,277.00,281.00,277.00,281.00,4000,1112000
6900-T,東京電波,東証1部,685.00,685.00,667.00,667.00,1700,1157400
6901-T,沢藤電,東証1部,192.00,192.00,192.00,192.00,4000,768000
6902-T,デンソー,東証1部,2610.00,2625.00,2555.00,2565.00,1485000,3854308500
6902-O,デンソー,大証1部,,,,,0,0
6904-J,原田工業,JQ,114.00,119.00,114.00,115.00,36000,4198000
6905-T,コーセル,東証1部,1074.00,1090.00,1071.00,1085.00,78900,85397000
6907-J,ジオマテック,JQ,905.00,905.00,883.00,883.00,7600,6824300
6908-J,イリソ電子,JQ,1188.00,1219.00,1161.00,1161.00,16300,19335100
6910-T,日立メデ,東証1部,1156.00,1160.00,1149.00,1149.00,17000,19657000
6911-T,新日無,東証1部,289.00,289.00,279.00,284.00,6000,1699000
6912-J,菊水電,JQ,357.00,368.00,357.00,364.00,5600,2034700
6914-T,オプテックス,東証1部,950.00,953.00,941.00,946.00,24100,22861000
6915-T,千代インテ,東証1部,1110.00,1129.00,1100.00,1100.00,6100,6812600
6916-J,アイオデータ,JQ,434.00,438.00,428.00,435.00,2100,912000
6918-J,アバール,JQ,519.00,519.00,519.00,519.00,100,51900
6919-J,ケル,JQ,,,,,0,0
6920-J,レーザーテク,JQ,885.00,886.00,884.00,885.00,8700,7699800
6921-T,東光電,東証1部,303.00,303.00,292.00,293.00,10000,2965000
6922-J,昭和情,JQ,180.00,180.00,180.00,180.00,4000,720000
6923-T,スタンレ電,東証1部,1915.00,1938.00,1882.00,1894.00,434400,833014400
6924-T,岩崎電,東証1部,222.00,224.00,221.00,222.00,59000,13134000
6925-T,ウシオ電,東証1部,1571.00,1571.00,1532.00,1534.00,194600,302466300
6925-O,ウシオ電,大証1部,,,,,0,0
6926-T,OKAYA,東証1部,300.00,300.00,298.00,300.00,2600,778700
6927-T,ヘリオステクノH,東証1部,224.00,224.00,220.00,220.00,800,178800
6927-J,ヘリオステクノH,JQ,221.00,222.00,219.00,219.00,5100,1124800
6928-J,エノモト,JQ,215.00,215.00,215.00,215.00,1000,215000
6929-T,日セラミ,東証1部,1129.00,1129.00,1095.00,1095.00,300,335300
6929-O,日セラミ,大証1部,1104.00,1104.00,1093.00,1096.00,1600,1755900
6930-J,日アンテナ,JQ,600.00,600.00,586.00,586.00,3400,2020600
6932-O,遠藤照,大証2部,232.00,232.00,232.00,232.00,14700,3410400
6934-T,新神戸,東証1部,1057.00,1073.00,1006.00,1020.00,1004000,1042199000
6934-O,新神戸,大証1部,,,,,0,0
6935-T,JDL,東証1部,1218.00,1227.00,1209.00,1213.00,19600,23831300
6937-T,古河池,東証1部,937.00,945.00,922.00,936.00,125000,116567000
6938-T,双信電,東証1部,379.00,383.00,376.00,382.00,7400,2808000
6939-J,UMCJ,JQ,7800.00,7880.00,7500.00,7700.00,444,3396390
6941-T,山一電,東証1部,262.00,273.00,257.00,260.00,91300,24190700
6942-J,ソフィアHD,JQ,,,,,0,0
6943-J,開閉器,JQ,347.00,347.00,342.00,342.00,28000,9614000
6944-J,アイレックス,JQ,69.00,70.00,67.00,68.00,112000,7696000
6945-T,FTEC,東証2部,935.00,945.00,930.00,944.00,5700,5318000
6946-T,日アビオ,東証2部,195.00,195.00,193.00,195.00,11000,2141000
6947-T,図研,東証1部,765.00,780.00,765.00,773.00,9000,6960200
6950-T,YEデータ,東証2部,173.00,173.00,168.00,168.00,3000,509000
6951-T,日電子,東証1部,391.00,396.00,391.00,396.00,80000,31424000
6952-T,カシオ,東証1部,803.00,807.00,792.00,793.00,474000,379893700
6954-T,ファナック,東証1部,7750.00,7820.00,7580.00,7600.00,407300,3146170000
6955-T,FDK,東証1部,171.00,171.00,169.00,169.00,543000,92151000
6957-J,芝浦電子,JQ,1250.00,1280.00,1250.00,1250.00,3200,4027000
6958-T,日本CMK,東証1部,950.00,965.00,924.00,925.00,150400,141638400
6960-J,フクダ電,JQ,2345.00,2350.00,2345.00,2350.00,13500,31715500
6961-T,エンプラス,東証1部,1445.00,1445.00,1350.00,1350.00,8900,12554600
6962-O,大真空,大証1部,369.00,377.00,369.00,373.00,55000,20462000
6963-T,ローム,東証1部,6920.00,6980.00,6810.00,6810.00,4300,29650000
6963-O,ローム,大証1部,6900.00,7000.00,6800.00,6810.00,432300,2969035000
6964-T,サンコー,東証2部,271.00,271.00,271.00,271.00,1000,271000
6965-T,ホトニクス,東証1部,1823.00,1827.00,1796.00,1796.00,164200,297231500
6966-T,三井ハイテ,東証1部,1058.00,1058.00,1037.00,1041.00,43400,45482800
6966-F,三井ハイテ,福証,,,,,0,0
6967-T,新電工,東証1部,1299.00,1324.00,1246.00,1265.00,666500,853518200
6969-O,松尾電,大証2部,107.00,107.00,107.00,107.00,39000,4173000
6971-T,京セラ,東証1部,7100.00,7160.00,7010.00,7020.00,319400,2261410000
6971-O,京セラ,大証1部,,,,,0,0
6972-T,エルナー,東証2部,103.00,103.00,102.00,102.00,9000,919000
6973-T,協栄産,東証1部,224.00,224.00,223.00,223.00,3000,671000
6974-T,日インター,東証1部,231.00,231.00,226.00,229.00,27900,6408400
6976-T,太陽電,東証1部,1056.00,1063.00,1015.00,1025.00,1057000,1094244000
6977-T,抵抗器,東証2部,,,,,0,0
6981-T,村田製,東証1部,4250.00,4250.00,4150.00,4180.00,13800,58090000
6981-O,村田製,大証1部,4250.00,4280.00,4150.00,4200.00,364400,1526984000
6982-T,リード,東証2部,85.00,85.00,84.00,84.00,26000,2201000
6985-T,ユーシン,東証1部,519.00,519.00,491.00,501.00,28300,14311900
6986-T,双葉電,東証1部,1711.00,1726.00,1673.00,1680.00,41600,70480800
6988-T,日東電,東証1部,3030.00,3060.00,2955.00,2955.00,735500,2209779500
6988-O,日東電,大証1部,3050.00,3050.00,3050.00,3050.00,200,610000
6989-T,北電工,東証1部,176.00,179.00,173.00,173.00,48000,8441000
6991-T,パナ電工,東証1部,893.00,894.00,864.00,865.00,466000,408712000
6991-O,パナ電工,大証1部,,,,,0,0
6992-T,国産電,東証2部,,,,,0,0
6993-T,森電機,東証2部,19.00,20.00,19.00,19.00,1829000,34774000
6994-T,指月電,東証2部,415.00,416.00,398.00,400.00,30000,12222000
6994-O,指月電,大証2部,,,,,0,0
6995-T,東海理化,東証1部,1685.00,1756.00,1675.00,1699.00,451400,774336500
6996-T,ニチコン,東証1部,1406.00,1406.00,1355.00,1358.00,184200,253660900
6996-O,ニチコン,大証1部,,,,,0,0
6997-T,日ケミコン,東証1部,384.00,389.00,370.00,371.00,444000,167993000
6998-T,日タングス,東証2部,161.00,161.00,158.00,159.00,18000,2873000
6998-F,日タングス,福証,,,,,0,0
6999-T,KOA,東証1部,784.00,792.00,776.00,777.00,18400,14437400
7003-T,三井造,東証1部,223.00,223.00,216.00,217.00,2252000,494937000
7003-O,三井造,大証1部,,,,,0,0
7003-S,三井造,札証,,,,,0,0
7003-F,三井造,福証,,,,,0,0
7004-T,日立造,東証1部,124.00,124.00,119.00,119.00,4226500,515824500
7004-O,日立造,大証1部,,,,,0,0
7007-T,佐世保,東証1部,209.00,210.00,207.00,208.00,472000,98417000
7007-O,佐世保,大証1部,,,,,0,0
7007-F,佐世保,福証,,,,,0,0
7011-T,三菱重,東証1部,387.00,388.00,380.00,381.00,3665000,1406837000
7011-O,三菱重,大証1部,,,,,0,0
7011-S,三菱重,札証,,,,,0,0
7011-F,三菱重,福証,,,,,0,0
7012-T,川重,東証1部,263.00,267.00,259.00,259.00,10726000,2816810000
7012-O,川重,大証1部,,,,,0,0
7013-T,IHI,東証1部,164.00,165.00,159.00,159.00,4827000,785851000
7013-O,IHI,大証1部,,,,,0,0
7013-S,IHI,札証,,,,,0,0
7013-F,IHI,福証,,,,,0,0
7014-O,名村造,大証1部,580.00,589.00,571.00,574.00,46000,26577700
7018-T,内海造,東証2部,353.00,358.00,351.00,351.00,7000,2479000
7018-O,内海造,大証2部,,,,,0,0
7020-O,サノヤスヒシノ,大証1部,390.00,391.00,382.00,383.00,88300,34194800
7021-T,ニッチツ,東証2部,253.00,253.00,253.00,253.00,1000,253000
7102-T,日車輌,東証1部,596.00,610.00,577.00,592.00,1851000,1106585000
7105-T,ニチユ,東証1部,270.00,270.00,263.00,263.00,10000,2683000
7105-O,ニチユ,大証1部,,,,,0,0
7122-T,近畿車,東証1部,720.00,749.00,718.00,722.00,333000,242713000
7122-O,近畿車,大証1部,,,,,0,0
7201-T,日産自,東証1部,587.00,590.00,571.00,576.00,6338400,3681951800
7202-T,いすゞ,東証1部,155.00,157.00,154.00,154.00,4968000,773931000
7203-T,トヨタ,東証1部,3650.00,3670.00,3600.00,3610.00,2829300,10301525000
7203-O,トヨタ,大証1部,,,,,0,0
7203-S,トヨタ,札証,,,,,0,0
7203-F,トヨタ,福証,,,,,0,0
7205-T,日野自,東証1部,294.00,295.00,290.00,291.00,434000,126938000
7208-O,カネミツ,大証2部,,,,,0,0
7211-T,三菱自,東証1部,177.00,178.00,175.00,175.00,3924000,693219000
7211-O,三菱自,大証1部,,,,,0,0
7212-T,エフテック,東証1部,817.00,827.00,800.00,800.00,7900,6413700
7213-T,レシップ,東証2部,720.00,735.00,720.00,735.00,2300,1658600
7214-O,GMB,大証2部,720.00,720.00,715.00,715.00,1100,788900
7217-J,テイン,JQ,,,,,0,0
7218-J,田中精密,JQ,599.00,599.00,599.00,599.00,6900,4133100
7219-J,HKS,JQ,,,,,0,0
7220-T,武蔵精密,東証1部,1666.00,1690.00,1640.00,1654.00,31700,52710300
7221-T,トヨ車,東証1部,1691.00,1722.00,1678.00,1680.00,50900,86523300
7222-T,産車体,東証1部,813.00,821.00,804.00,804.00,46000,37273000
7223-T,関東自,東証1部,910.00,911.00,886.00,888.00,100200,89846500
7224-T,新明和,東証1部,352.00,355.00,347.00,349.00,56000,19677000
7224-O,新明和,大証1部,,,,,0,0
7226-T,極東開,東証1部,430.00,430.00,417.00,417.00,23300,9857800
7226-O,極東開,大証1部,,,,,0,0
7228-J,デイトナ,JQ,500.00,500.00,500.00,500.00,100,50000
7229-J,ユタカ技研,JQ,1370.00,1370.00,1370.00,1370.00,400,548000
7230-T,日信工業,東証1部,1195.00,1214.00,1183.00,1189.00,37000,44387100
7231-T,トピー,東証1部,190.00,197.00,190.00,193.00,471000,91094000
7231-O,トピー,大証1部,,,,,0,0
7233-T,自部品,東証2部,180.00,180.00,180.00,180.00,10000,1800000
7235-T,東ラヂエタ,東証2部,220.00,220.00,217.00,217.00,2100,458800
7236-T,ティラド,東証1部,223.00,228.00,222.00,225.00,45000,10106000
7238-T,曙ブレーキ,東証1部,439.00,447.00,433.00,434.00,18700,8204400
7239-T,タチエス,東証1部,784.00,791.00,766.00,766.00,26100,20245700
7240-T,NOK,東証1部,1088.00,1088.00,1052.00,1070.00,181300,193760400
7241-T,フタバ,東証1部,341.00,343.00,331.00,332.00,184800,62497400
7242-T,KYB,東証1部,216.00,217.00,213.00,214.00,115000,24721000
7243-T,シロキ,東証1部,188.00,188.00,185.00,186.00,67000,12565000
7244-T,市光工,東証1部,177.00,177.00,172.00,172.00,54000,9419000
7245-T,大同メタ,東証1部,389.00,389.00,381.00,381.00,12000,4655000
7246-T,プレス工,東証1部,179.00,179.00,174.00,175.00,183000,32181000
7247-T,ミクニ,東証2部,127.00,127.00,125.00,125.00,12000,1513000
7248-T,カルソカンセ,東証1部,201.00,208.00,198.00,201.00,2471000,504978000
7250-T,太平洋,東証1部,340.00,345.00,325.00,341.00,138000,46762000
7251-T,ケーヒン,東証1部,1285.00,1311.00,1252.00,1266.00,181200,232214400
7254-T,ユニバンス,東証2部,214.00,214.00,214.00,214.00,1000,214000
7255-J,桜井製,JQ,,,,,0,0
7256-T,河西工,東証1部,234.00,234.00,234.00,234.00,15000,3510000
7259-T,アイシン精,東証1部,2290.00,2310.00,2250.00,2260.00,652700,1488445500
7259-O,アイシン精,大証1部,,,,,0,0
7260-T,富士キコウ,東証1部,123.00,123.00,120.00,120.00,17000,2085000
7261-T,マツダ,東証1部,240.00,243.00,231.00,232.00,6527000,1549520000
7262-T,ダイハツ,東証1部,944.00,946.00,918.00,926.00,475000,443778000
7262-O,ダイハツ,大証1部,,,,,0,0
7263-T,愛知機,東証1部,306.00,306.00,296.00,296.00,55000,16616000
7264-J,MURO,JQ,508.00,510.00,500.00,510.00,5400,2744800
7265-J,エイケン工業,JQ,,,,,0,0
7266-T,今仙電機,東証1部,1050.00,1055.00,1028.00,1039.00,11800,12329500
7267-T,ホンダ,東証1部,2595.00,2630.00,2565.00,2575.00,2155200,5601609000
7267-O,ホンダ,大証1部,,,,,0,0
7268-J,タツミ,JQ,,,,,0,0
7269-T,スズキ,東証1部,2170.00,2190.00,2150.00,2155.00,496200,1078593000
7270-T,富士重,東証1部,387.00,390.00,378.00,379.00,1791000,688231000
7271-O,安永,大証2部,378.00,378.00,368.00,368.00,4200,1570200
7272-T,ヤマハ発,東証1部,1120.00,1143.00,1111.00,1125.00,923800,1041231900
7273-T,イクヨ,東証2部,,,,,0,0
7274-T,ショーワ,東証1部,440.00,453.00,439.00,442.00,94300,41968000
7276-T,小糸製,東証1部,1202.00,1234.00,1176.00,1182.00,500000,601111000
7277-T,TBK,東証1部,169.00,170.00,167.00,170.00,12000,2030000
7278-T,エクセディ,東証1部,1907.00,1936.00,1860.00,1865.00,56500,106947400
7278-O,エクセディ,大証1部,,,,,0,0
7279-O,ハイレックス,大証2部,835.00,835.00,835.00,835.00,100,83500
7280-T,ミツバ,東証1部,336.00,340.00,331.00,331.00,30000,10072000
7282-T,豊田合,東証1部,2600.00,2645.00,2575.00,2575.00,176100,459645500
7283-T,愛三工,東証1部,768.00,773.00,753.00,753.00,9200,7023100
7284-T,盟和産,東証2部,161.00,161.00,161.00,161.00,1000,161000
7287-T,日精機,東証2部,1094.00,1095.00,1075.00,1075.00,26000,28345000
7291-T,日プラスト,東証2部,306.00,306.00,303.00,303.00,5600,1709000
7292-T,村上開明,東証2部,443.00,448.00,441.00,441.00,7000,3106000
7294-T,ヨロズ,東証1部,1053.00,1055.00,1046.00,1048.00,2700,2839700
7296-T,エフ･シー･シー,東証1部,1270.00,1282.00,1258.00,1259.00,20800,26442900
7297-J,カーメイト,JQ,434.00,435.00,432.00,433.00,1100,476800
7298-J,八千代工,JQ,896.00,908.00,894.00,894.00,4400,3955300
7299-T,オーゼックス,東証2部,267.00,267.00,267.00,267.00,2000,534000
7301-T,宮田工,東証2部,213.00,213.00,213.00,213.00,1000,213000
7305-T,新家工,東証1部,159.00,164.00,159.00,160.00,22000,3519000
7305-O,新家工,大証1部,,,,,0,0
7309-T,シマノ,東証1部,3710.00,3730.00,3700.00,3700.00,2200,8170000
7309-O,シマノ,大証1部,3720.00,3750.00,3690.00,3700.00,53100,197394000
7311-T,カワムラサイクル,東証マザーズ,98000.00,98000.00,98000.00,98000.00,8,784000
7312-T,タカタ,東証1部,1549.00,1573.00,1539.00,1567.00,109000,170349500
7313-T,TSテック,東証1部,1431.00,1460.00,1427.00,1447.00,54800,79244100
7314-J,小田原機,JQ,1814.00,1814.00,1795.00,1800.00,1400,2533300
7399-J,ナンシン,JQ,164.00,164.00,164.00,164.00,2000,328000
7404-T,昭和飛,東証2部,517.00,540.00,517.00,540.00,18000,9468000
7408-T,ジャムコ,東証2部,493.00,493.00,493.00,493.00,1000,493000
7412-T,アトム,東証2部,302.00,303.00,301.00,302.00,11900,3597300
7413-J,創健社,JQ,100.00,100.00,100.00,100.00,1000,100000
7414-T,小野建,東証1部,951.00,957.00,935.00,936.00,11600,10983200
7414-F,小野建,福証,,,,,0,0
7415-J,新星堂,JQ,91.00,92.00,90.00,90.00,11000,999500
7416-T,はるやま,東証1部,460.00,465.00,442.00,444.00,29300,13372300
7417-F,南陽,福証,,,,,0,0
7419-J,ノジマ,JQ,752.00,753.00,743.00,749.00,9800,7338600
7420-T,佐鳥電機,東証1部,632.00,632.00,614.00,614.00,15700,9764300
7421-T,カッパ･クリエ,東証1部,2030.00,2045.00,2025.00,2045.00,25550,52002500
7422-J,東邦レマック,JQ,400.00,400.00,400.00,400.00,2000,800000
7425-J,初穂商事,JQ,,,,,0,0
7426-J,山大,JQ,,,,,0,0
7427-T,エコトレディン,東証1部,978.00,978.00,978.00,978.00,100,97800
7427-O,エコトレディン,大証1部,968.00,970.00,959.00,968.00,3900,3768200
7428-T,G･アクト,東証2部,155.00,156.00,155.00,156.00,10000,1553500
7430-J,サンワドー,JQ,,,,,0,0
7432-J,ダルトン,JQ,,,,,0,0
7433-T,伯東,東証1部,901.00,904.00,892.00,895.00,14100,12650900
7434-J,オータケ,JQ,,,,,0,0
7435-J,ナ･デックス,JQ,,,,,0,0
7438-T,コンドーテック,東証2部,612.00,612.00,610.00,610.00,1300,793300
7438-O,コンドーテック,大証2部,,,,,0,0
7441-F,Misumi,福証,,,,,0,0
7442-T,中山福,東証1部,598.00,598.00,598.00,598.00,300,179400
7442-O,中山福,大証1部,596.00,596.00,594.00,594.00,2500,1487700
7443-J,横浜魚類,JQ,,,,,0,0
7444-O,ハリマ共和,大証2部,760.00,764.00,751.00,752.00,3300,2507000
7445-T,ライトオン,東証1部,900.00,910.00,899.00,902.00,27200,24570600
7446-J,東北化学,JQ,,,,,0,0
7447-T,ナガイレーベ,東証1部,1800.00,1810.00,1791.00,1809.00,14200,25578400
7448-T,ジンズメイト,東証1部,576.00,577.00,571.00,575.00,2100,1208400
7450-J,サンデー,JQ,605.00,605.00,600.00,600.00,1500,901200
7451-T,菱食,東証1部,2135.00,2165.00,2135.00,2160.00,3600,7747500
7452-J,マツヤ,JQ,,,,,0,0
7453-T,良品計画,東証1部,3970.00,3970.00,3940.00,3940.00,41000,162262000
7455-T,三城HD,東証1部,910.00,928.00,910.00,916.00,5900,5408000
7456-T,松田産業,東証1部,1505.00,1509.00,1462.00,1462.00,51600,76343000
7457-J,セキテクノトロン,JQ,,,,,0,0
7458-J,第一興商,JQ,1112.00,1129.00,1100.00,1109.00,20200,22400000
7459-T,メディ･パル,東証1部,1130.00,1167.00,1121.00,1153.00,247800,285333700
7460-O,ヤギ,大証2部,1300.00,1300.00,1300.00,1300.00,10600,13780000
7461-J,キムラ,JQ,320.00,320.00,320.00,320.00,1000,320000
7462-J,ダイヤ通商,JQ,80.00,81.00,70.00,70.00,293000,22238000
7463-T,アドヴァン,東証1部,614.00,614.00,603.00,608.00,56000,34115500
7464-J,セフテック,JQ,,,,,0,0
7465-J,MV北海道,JQ,1552.00,1552.00,1552.00,1552.00,100,155200
7466-T,SPK,東証1部,1184.00,1209.00,1184.00,1205.00,1300,1552300
7467-J,萩原電気,JQ,651.00,660.00,651.00,660.00,4400,2876100
7468-J,アムスク,JQ,170.00,171.00,170.00,171.00,500,85300
7472-J,鳥羽洋行,JQ,1760.00,1760.00,1760.00,1760.00,300,528000
7473-J,静岡スバル,JQ,,,,,0,0
7474-T,Gネットワークス,東証2部,119.00,119.00,115.00,115.00,11000,1299000
7476-T,アズワン,東証1部,1738.00,1742.00,1730.00,1730.00,3200,5557800
7476-O,アズワン,大証1部,,,,,0,0
7477-J,ムラキ,JQ,71.00,74.00,64.00,64.00,279000,18864000
7478-J,ブルーグラス,JQ,,,,,0,0
7480-T,スズデン,東証1部,500.00,500.00,492.00,492.00,1800,896000
7481-T,尾家産業,東証1部,789.00,790.00,788.00,788.00,900,710100
7481-O,尾家産業,大証1部,,,,,0,0
7482-T,シモジマ,東証1部,1243.00,1243.00,1235.00,1237.00,800,991800
7483-T,ドウシシャ,東証1部,1434.00,1501.00,1432.00,1480.00,27000,39601200
7483-O,ドウシシャ,大証1部,,,,,0,0
7486-J,サンリン,JQ,,,,,0,0
7487-T,小津産業,東証2部,1247.00,1247.00,1230.00,1230.00,900,1120600
7489-F,越智産業,福証,,,,,0,0
7490-T,日新商事,東証2部,792.00,792.00,792.00,792.00,200,158400
7491-J,オーエーシステム,JQ,37.00,38.00,36.00,38.00,242000,9028000
7493-F,マルミヤストア,福証,519.00,519.00,519.00,519.00,1000,519000
7494-T,コナカ,東証1部,304.00,352.00,302.00,332.00,1685000,553746900
7500-J,西川計測,JQ,708.00,708.00,705.00,705.00,300,211800
7501-J,ティムコ,JQ,609.00,609.00,609.00,609.00,200,121800
7502-J,プラザクリエ,JQ,,,,,0,0
7503-J,アイ･エム･アイ,JQ,1510.00,1535.00,1510.00,1535.00,1600,2438000
7504-T,高速,東証1部,615.00,620.00,613.00,613.00,2900,1787100
7505-T,扶桑電通,東証2部,393.00,393.00,393.00,393.00,2000,786000
7506-T,ハウスローゼ,東証1部,1239.00,1239.00,1230.00,1230.00,700,863700
7508-T,GセブンHD,東証1部,400.00,401.00,399.00,401.00,2000,799800
7508-O,GセブンHD,大証1部,,,,,0,0
7509-J,アイエーG,JQ,,,,,0,0
7510-O,たけびし,大証2部,,,,,0,0
7512-T,イオン北海,東証1部,302.00,302.00,300.00,300.00,1600,481800
7512-S,イオン北海,札証,,,,,0,0
7513-T,コジマ,東証1部,496.00,496.00,480.00,484.00,91600,44703900
7514-T,ヒマラヤ,東証2部,350.00,350.00,345.00,348.00,5800,2024300
7515-O,マルヨシセンター,大証2部,,,,,0,0
7516-T,コーナン商事,東証1部,911.00,916.00,911.00,912.00,13400,12233100
7516-O,コーナン商事,大証1部,,,,,0,0
7517-T,黒田電気,東証1部,1315.00,1339.00,1310.00,1321.00,60800,80426200
7517-O,黒田電気,大証1部,,,,,0,0
7518-T,ネットワン,東証1部,165800.00,168600.00,165200.00,168400.00,1174,196246200
7519-J,五洋インテ,JQ,76.00,76.00,74.00,74.00,11000,823000
7520-T,エコス,東証1部,680.00,683.00,675.00,675.00,900,611600
7521-J,ムサシ,JQ,1735.00,1745.00,1715.00,1732.00,16500,28584000
7522-T,ワタミ,東証1部,1883.00,1891.00,1871.00,1885.00,75400,141965100
7523-J,アールビバン,JQ,272.00,273.00,271.00,271.00,3000,816300
7524-T,マルシェ,東証1部,735.00,741.00,731.00,732.00,1900,1395700
7524-O,マルシェ,大証1部,,,,,0,0
7525-T,リックス,東証2部,604.00,604.00,599.00,599.00,1100,660800
7525-F,リックス,福証,,,,,0,0
7527-J,システムソフト,JQ,60.00,61.00,59.00,60.00,222700,13341800
7530-O,ナブコドア,大証2部,,,,,0,0
7531-J,清和中央,JQ,,,,,0,0
7532-T,ドン･キホーテ,東証1部,1935.00,1975.00,1934.00,1955.00,297000,581264100
7533-F,グリーンクロス,福証,375.00,375.00,375.00,375.00,200,75000
7535-J,グッドマン,JQ,905.00,905.00,891.00,900.00,1900,1714800
7537-T,丸文,東証1部,753.00,786.00,750.00,777.00,143800,110882800
7538-O,大水,大証2部,,,,,0,0
7539-J,アベルコ,JQ,303.00,303.00,303.00,303.00,300,90900
7541-T,メガネトップ,東証1部,1510.00,1510.00,1481.00,1492.00,19400,29048000
7542-J,ビスケーHLD,JQ,88.00,88.00,88.00,88.00,3000,264000
7544-T,スリーエフ,東証2部,671.00,675.00,665.00,667.00,4200,2814600
7545-T,西松屋チェ,東証1部,905.00,905.00,895.00,899.00,173700,156558000
7545-O,西松屋チェ,大証1部,,,,,0,0
7550-T,ゼンショー,東証1部,544.00,545.00,540.00,542.00,89400,48545200
7551-J,ウェッズ,JQ,400.00,400.00,400.00,400.00,2300,920000
7552-T,ハピネット,東証1部,1150.00,1152.00,1147.00,1151.00,14600,16793500
7553-J,サザビリグ,JQ,1383.00,1386.00,1382.00,1386.00,11300,15647000
7554-T,幸楽苑,東証1部,1122.00,1124.00,1118.00,1119.00,3800,4258500
7555-J,大田花き,JQ,,,,,0,0
7558-T,トーメンエレク,東証1部,1034.00,1036.00,1022.00,1032.00,2900,2995300
7559-J,GFC,JQ,887.00,895.00,887.00,895.00,900,802200
7560-T,ユニマットライフ,東証1部,898.00,910.00,896.00,907.00,4800,4335500
7561-T,ハークスレイ,東証1部,898.00,908.00,898.00,903.00,1000,903300
7561-O,ハークスレイ,大証1部,,,,,0,0
7562-T,安楽亭,東証2部,410.00,410.00,409.00,409.00,6000,2458000
7563-T,ニッパン,東証2部,215.00,215.00,215.00,215.00,4000,860000
7564-J,ワークマン,JQ,1205.00,1260.00,1205.00,1246.00,900,1094100
7565-O,万世電機,大証2部,515.00,515.00,515.00,515.00,1000,515000
7566-J,ジャパンケア,JQ,202.00,215.00,201.00,210.00,10000,2076000
7567-J,栄電子,JQ,,,,,0,0
7568-J,クレックス,JQ,,,,,0,0
7569-J,モンテカルロ,JQ,126.00,126.00,121.00,121.00,4000,499000
7570-J,橋本総業,JQ,,,,,0,0
7571-J,ヤマノHD,JQ,51.00,51.00,47.00,48.00,98100,4814900
7574-J,共信テクノ,JQ,462.00,462.00,454.00,459.00,4300,1964200
7575-J,日本ライフL,JQ,509.00,530.00,500.00,509.00,30000,15326100
7577-J,パスポート,JQ,134.00,134.00,133.00,133.00,4000,535000
7578-J,ニチリョク,JQ,193.00,195.00,192.00,192.00,21000,4058000
7581-T,サイゼリヤ,東証1部,1434.00,1437.00,1411.00,1417.00,133300,189759800
7585-J,かんなん,JQ,996.00,996.00,996.00,996.00,100,99600
7587-J,PALTEK,JQ,346.00,346.00,345.00,346.00,2200,760800
7590-J,タカショー,JQ,393.00,394.00,389.00,394.00,5700,2235200
7591-T,エクセル,東証1部,971.00,981.00,971.00,981.00,1900,1853500
7593-H,VTHD,HCスタンダード,96.00,96.00,92.00,94.00,70300,6604500
7594-T,マルカキカイ,東証1部,690.00,699.00,689.00,694.00,20500,14164600
7595-T,アルゴグラフ,東証1部,1043.00,1070.00,1043.00,1063.00,4800,5076600
7596-T,魚力,東証2部,1084.00,1085.00,1062.00,1063.00,1800,1933900
7597-J,東京貴宝,JQ,180.00,180.00,180.00,180.00,11000,1980000
7598-J,ナイスクラップ,JQ,308.00,308.00,307.00,307.00,900,276700
7599-T,ガリバー,東証1部,3910.00,3990.00,3910.00,3940.00,10930,43078000
7600-T,日本MDM,東証1部,196.00,197.00,195.00,195.00,3200,627100
7601-T,ポプラ,東証1部,659.00,659.00,652.00,652.00,1700,1112700
7602-T,カーチスHD,東証2部,35.00,36.00,35.00,36.00,34300,1202700
7603-J,マックハウス,JQ,549.00,550.00,545.00,545.00,3300,1808100
7604-T,梅の花,東証2部,225000.00,225800.00,225000.00,225800.00,6,1351100
7605-J,フジコーポ,JQ,324.00,333.00,324.00,333.00,1600,527000
7606-T,Uアローズ,東証1部,630.00,640.00,629.00,629.00,34900,22129000
7607-T,進和,東証1部,1277.00,1286.00,1250.00,1275.00,8300,10540500
7608-T,エスケイ,東証1部,187.00,193.00,186.00,187.00,4300,814900
7608-O,エスケイ,大証1部,,,,,0,0
7609-T,ダイトエレク,東証1部,497.00,499.00,484.00,490.00,2800,1381300
7609-O,ダイトエレク,大証1部,,,,,0,0
7610-J,テイツー,JQ,5260.00,5450.00,5260.00,5430.00,688,3681070
7611-T,ハイデ日高,東証1部,1020.00,1024.00,1008.00,1010.00,15900,16148900
7612-J,CWE,JQ,52.00,53.00,51.00,51.00,176000,9109000
7613-T,シークス,東証1部,447.00,451.00,444.00,445.00,38200,17077700
7613-O,シークス,大証1部,,,,,0,0
7614-J,オーエムツー,JQ,621.00,623.00,621.00,623.00,2700,1677700
7615-T,京都友禅,東証1部,818.00,818.00,805.00,809.00,17600,14316200
7616-T,コロワイド,東証1部,578.00,578.00,575.00,576.00,18500,10665500
7617-T,オオゼキ,東証2部,2825.00,2845.00,2805.00,2830.00,7000,19844500
7618-J,PCDEPOT,JQ,24120.00,24390.00,23900.00,24390.00,74,1779700
7619-T,田中商事,東証1部,482.00,482.00,477.00,479.00,5300,2540200
7620-J,ヤマトマテリアル,JQ,,,,,0,0
7621-J,うかい,JQ,1840.00,1840.00,1840.00,1840.00,500,920000
7622-J,焼肉サカイ,JQ,138.00,152.00,138.00,140.00,111600,16036000
7623-J,サンオータス,JQ,314.00,314.00,314.00,314.00,1000,314000
7624-J,NaITO,JQ,,,,,0,0
7625-T,ダイニング,東証2部,370.00,372.00,355.00,357.00,17300,6318300
7627-J,なか卯,JQ,1029.00,1029.00,1029.00,1029.00,100,102900
7628-T,オーハシテクニカ,東証1部,580.00,582.00,575.00,575.00,1600,927000
7630-T,壱番屋,東証1部,2050.00,2055.00,2050.00,2055.00,4600,9447000
7631-T,マクニカ,東証1部,1463.00,1515.00,1463.00,1515.00,8400,12518500
7633-J,NESTAGE,JQ,20.00,25.00,19.00,23.00,2575000,59053000
7634-J,星医療,JQ,1930.00,1940.00,1881.00,1881.00,3800,7291000
7635-J,杉田エース,JQ,285.00,305.00,285.00,305.00,2000,590000
7636-J,ハンズマン,JQ,577.00,577.00,553.00,553.00,1300,743600
7637-T,白銅,東証1部,540.00,540.00,535.00,535.00,2800,1506600
7638-J,シーマ,JQ,33.00,36.00,32.00,35.00,1227520,42463400
7640-T,トップカルチャ,東証1部,368.00,368.00,365.00,365.00,5400,1980000
7641-O,フォー･ユー,大証2部,33500.00,36900.00,33000.00,36900.00,369,12657300
7643-J,ダイイチ,JQ,673.00,673.00,673.00,673.00,100,67300
7644-J,常盤薬品,JQ,246.00,246.00,246.00,246.00,1000,246000
7645-J,日本トイザ,JQ,422.00,424.00,421.00,423.00,8200,3460200
7646-J,PLANT,JQ,420.00,420.00,400.00,405.00,14100,5780100
7647-O,音通,大証2部,35.00,36.00,32.00,33.00,7171000,244627000
7649-T,スギHD,東証1部,1980.00,1987.00,1973.00,1978.00,71800,142162700
7701-T,島津製,東証1部,738.00,738.00,697.00,707.00,1548000,1117581000
7701-O,島津製,大証1部,,,,,0,0
7702-T,JMS,東証1部,362.00,362.00,360.00,362.00,5000,1808000
7703-T,川澄化,東証2部,647.00,650.00,646.00,648.00,59000,38193000
7704-T,アロカ,東証1部,1034.00,1045.00,1008.00,1009.00,11000,11235100
7705-T,ジーエル,東証2部,,,,,0,0
7706-J,セントラルユニ,JQ,754.00,770.00,750.00,764.00,3200,2441800
7707-H,PSS,HCグロース,104500.00,107500.00,104000.00,105100.00,87,9175000
7708-H,フォトニクス,HCグロース,7700.00,7700.00,7200.00,7200.00,13,99200
7709-T,クボテック,東証1部,30600.00,31350.00,30350.00,30750.00,286,8788300
7711-J,助川電,JQ,801.00,801.00,800.00,800.00,5000,4001000
7713-J,シグマ光機,JQ,681.00,695.00,680.00,680.00,3100,2125900
7714-T,モリテックス,東証1部,360.00,360.00,360.00,360.00,300,108000
7715-T,長野計器,東証1部,731.00,732.00,727.00,729.00,4200,3069600
7716-J,ナカニシ,JQ,7800.00,7830.00,7700.00,7700.00,3100,24113000
7717-T,Vテクノロジー,東証マザーズ,661000.00,696000.00,658000.00,670000.00,2316,1563327000
7718-T,スター精,東証1部,990.00,996.00,961.00,964.00,94200,92234200
7719-T,テークスG,東証2部,44.00,47.00,44.00,44.00,349000,15724000
7721-T,東京計器,東証1部,140.00,141.00,140.00,141.00,63000,8860000
7722-J,国際計測,JQ,860.00,865.00,851.00,855.00,6600,5654000
7723-T,愛時計,東証1部,260.00,260.00,256.00,256.00,9000,2336000
7725-T,インタアクション,東証マザーズ,38600.00,38600.00,36000.00,36200.00,327,12237150
7726-T,黒田精,東証2部,304.00,304.00,301.00,301.00,4000,1209000
7727-T,オーバル,東証2部,,,,,0,0
7728-T,電産トーソク,東証1部,719.00,719.00,708.00,708.00,1700,1217900
7729-T,東京精,東証1部,1367.00,1367.00,1288.00,1292.00,185800,244830700
7730-J,マニー,JQ,6330.00,6330.00,6330.00,6330.00,300,1899000
7731-T,ニコン,東証1部,1599.00,1604.00,1552.00,1558.00,993000,1567703000
7732-T,トプコン,東証1部,529.00,538.00,528.00,529.00,50900,27144500
7733-T,オリンパス,東証1部,2220.00,2240.00,2170.00,2175.00,448500,984757500
7734-T,理計器,東証1部,648.00,650.00,639.00,644.00,4400,2841600
7735-T,スクリーン,東証1部,313.00,313.00,296.00,297.00,3032000,927195000
7735-O,スクリーン,大証1部,,,,,0,0
7736-T,ユニオンHD,東証2部,25.00,26.00,25.00,25.00,152100,3808000
7739-T,キヤノン電,東証1部,1401.00,1407.00,1389.00,1404.00,19200,26856100
7740-T,タムロン,東証1部,1347.00,1347.00,1311.00,1314.00,22000,29296900
7741-T,HOYA,東証1部,1972.00,1995.00,1958.00,1965.00,981200,1936992900
7743-J,シード,JQ,280.00,280.00,280.00,280.00,100,28000
7744-T,ノーリツ鋼機,東証1部,904.00,904.00,894.00,894.00,1100,993400
7744-O,ノーリツ鋼機,大証1部,909.00,909.00,900.00,900.00,15500,14039000
7745-T,A&D,東証1部,525.00,527.00,510.00,516.00,98900,51368100
7746-J,岡本硝子,JQ,160.00,162.00,155.00,155.00,20400,3220700
7747-T,アサヒインテック,東証2部,,,,,0,0
7747-J,アサヒインテック,JQ,1025.00,1025.00,1000.00,1000.00,2000,2007900
7748-J,ホロン,JQ,23000.00,23000.00,23000.00,23000.00,18,414000
7749-J,メディキット,JQ,19500.00,19500.00,19310.00,19310.00,60,1168100
7751-T,キヤノン,東証1部,3090.00,3130.00,3060.00,3060.00,2443600,7581517000
7751-O,キヤノン,大証1部,,,,,0,0
7751-S,キヤノン,札証,,,,,0,0
7751-F,キヤノン,福証,,,,,0,0
7752-T,リコー,東証1部,1223.00,1235.00,1204.00,1207.00,808000,985136000
7752-O,リコー,大証1部,,,,,0,0
7752-S,リコー,札証,,,,,0,0
7752-F,リコー,福証,,,,,0,0
7756-T,電産コパル,東証1部,920.00,925.00,915.00,916.00,13700,12612800
7757-T,電産サンキョ,東証1部,542.00,542.00,530.00,531.00,48000,25778000
7758-T,セコニック,東証2部,139.00,139.00,132.00,132.00,15000,2061000
7760-J,IMV,JQ,123.00,123.00,120.00,120.00,14000,1716000
7762-T,シチズンHD,東証1部,473.00,477.00,466.00,466.00,566100,267553300
7768-T,ジェコー,東証2部,186.00,186.00,183.00,183.00,4000,738000
7769-T,リズム,東証1部,136.00,139.00,133.00,134.00,898000,121957000
7771-J,日本精密,JQ,70.00,73.00,67.00,67.00,149000,10318000
7773-J,エルモ社,JQ,,,,,0,0
7774-J,J・TEC,JQNEO,85000.00,87800.00,84000.00,86800.00,630,54264300
7775-T,大研医器,東証2部,1665.00,1675.00,1630.00,1675.00,135500,225557800
7820-T,ニホンフラッシュ,東証2部,700.00,700.00,697.00,697.00,3900,2728200
7821-T,前田工繊,東証2部,,,,,0,0
7822-T,永大産業,東証2部,263.00,263.00,258.00,258.00,42000,10858000
7823-J,アートネイチャー,JQ,890.00,895.00,888.00,888.00,8100,7207700
7825-T,SRIスポーツ,東証1部,78200.00,78200.00,77600.00,77600.00,100,7797600
7826-J,フルヤ金属,JQ,9000.00,9000.00,8800.00,8800.00,2100,18744000
7827-J,オービス,JQ,,,,,0,0
7829-T,サマンサJP,東証マザーズ,30200.00,30400.00,29900.00,30000.00,284,8552180
7830-J,パブリック,JQ,,,,,0,0
7831-T,ウイルコ,東証2部,86.00,87.00,86.00,87.00,4000,346000
7832-T,バンナムHD,東証1部,1060.00,1071.00,1052.00,1064.00,228900,243445800
7833-T,IFIS,東証マザーズ,23960.00,23960.00,23750.00,23750.00,5,119220
7834-H,マルマン,HCスタンダード,164.00,164.00,149.00,157.00,14900,2326300
7835-J,ウィズ,JQ,,,,,0,0
7836-J,アビックス,JQ,5800.00,6000.00,5560.00,6000.00,18,103570
7837-J,アールシーコア,JQ,34500.00,34500.00,34500.00,34500.00,5,172500
7838-T,共立印刷,東証1部,163.00,163.00,161.00,161.00,3500,567600
7839-T,SHOEI,東証2部,945.00,955.00,936.00,940.00,15800,14886200
7840-T,フラベッドH,東証1部,143.00,144.00,142.00,143.00,26000,3718000
7841-J,遠藤製作,JQ,393.00,393.00,387.00,387.00,2600,1015700
7842-J,セガトイズ,JQ,305.00,305.00,292.00,296.00,45300,13563800
7843-J,幻冬舍,JQ,155600.00,158000.00,155000.00,157400.00,38,5943300
7844-T,マーベラス,東証2部,16800.00,16970.00,16800.00,16800.00,29,489030
7845-J,ハイビック,JQ,126.00,128.00,125.00,125.00,2400,302600
7846-T,パイロット,東証1部,116300.00,116300.00,113000.00,115100.00,92,10570600
7846-O,パイロット,大証1部,,,,,0,0
7847-J,グラファイトD,JQ,24990.00,25900.00,24990.00,25210.00,27,692360
7849-J,スターツ出版,JQ,,,,,0,0
7850-J,総合商研,JQ,410.00,410.00,410.00,410.00,4000,1640000
7851-O,カワセCS,大証2部,,,,,0,0
7853-T,YAMATO,東証マザーズ,4960.00,5120.00,4960.00,4960.00,26,130110
7855-H,カーディナル,HCグロース,430.00,430.00,417.00,417.00,700,296900
7856-T,萩原工業,東証2部,850.00,850.00,850.00,850.00,2000,1700000
7857-J,セキ,JQ,,,,,0,0
7858-J,小野産業,JQ,,,,,0,0
7859-T,アルメディオ,東証2部,392.00,392.00,380.00,380.00,2200,838000
7860-T,エイベックス,東証1部,894.00,900.00,882.00,892.00,76100,67668400
7861-J,東京リスマ,JQ,591.00,591.00,591.00,591.00,100,59100
7862-T,トッパン･F,東証1部,1219.00,1227.00,1216.00,1216.00,38900,47529800
7863-J,平賀,JQ,,,,,0,0
7864-T,フジシール,東証1部,1646.00,1677.00,1646.00,1661.00,17400,28945600
7865-J,ピープル,JQ,,,,,0,0
7866-J,アトラス,JQ,520.00,520.00,515.00,515.00,400,207500
7867-T,タカラトミー,東証1部,690.00,699.00,683.00,686.00,157900,109351100
7868-T,広済堂,東証1部,288.00,288.00,270.00,283.00,4000,1125400
7868-O,広済堂,大証1部,,,,,0,0
7869-J,日本フォーム,JQ,,,,,0,0
7871-O,フクビ,大証2部,316.00,323.00,316.00,323.00,9000,2882000
7872-J,エステール,JQ,340.00,340.00,338.00,338.00,200,67800
7873-T,アーク,東証1部,94.00,94.00,92.00,92.00,11300,1061600
7873-J,アーク,JQ,93.00,93.00,92.00,92.00,107800,10006800
7874-T,スルガ,東証1部,1100.00,1103.00,1082.00,1090.00,3500,3822500
7877-J,永大化工,JQ,,,,,0,0
7878-J,光彩工芸,JQ,,,,,0,0
7879-T,ノダ,東証2部,,,,,0,0
7880-J,南部化成,JQ,,,,,0,0
7882-T,アロン化成,東証1部,324.00,324.00,323.00,323.00,3000,971000
7883-J,サンメッセ,JQ,,,,,0,0
7885-T,タカノ,東証1部,637.00,637.00,627.00,627.00,3600,2283900
7886-J,ヤマト･インダ,JQ,77.00,84.00,75.00,84.00,15000,1161000
7887-O,南海プライ,大証2部,,,,,0,0
7888-J,三光合成,JQ,85.00,85.00,83.00,83.00,2000,168000
7889-J,桑山,JQ,,,,,0,0
7890-J,アテナ工業,JQ,314.00,314.00,314.00,314.00,500,157000
7891-J,日本ユピカ,JQ,251.00,251.00,251.00,251.00,1000,251000
7893-T,プロネクサス,東証1部,700.00,704.00,697.00,702.00,4900,3432200
7894-F,丸東産業,福証,,,,,0,0
7895-J,中央化学,JQ,453.00,466.00,431.00,444.00,23300,10539800
7896-T,セブン工,東証2部,128.00,128.00,128.00,128.00,1000,128000
7897-T,ホクシン,東証1部,153.00,165.00,152.00,159.00,295700,46995100
7897-O,ホクシン,大証1部,,,,,0,0
7898-T,ウッドワン,東証1部,279.00,279.00,271.00,272.00,23000,6366000
7898-O,ウッドワン,大証1部,,,,,0,0
7899-J,MICS化学,JQ,284.00,289.00,284.00,289.00,3000,857000
7901-J,マツモト,JQ,,,,,0,0
7902-J,ソノコム,JQ,494.00,508.00,494.00,500.00,1000,499000
7905-T,大建工,東証1部,171.00,172.00,165.00,166.00,149000,25120000
7905-O,大建工,大証1部,,,,,0,0
7906-T,ヨネックス,東証2部,671.00,674.00,660.00,661.00,9800,6539700
7908-T,KIMOTO,東証1部,609.00,629.00,589.00,590.00,52600,31792700
7911-T,凸版印,東証1部,932.00,941.00,921.00,922.00,868000,807872000
7912-T,大日印,東証1部,1255.00,1272.00,1255.00,1257.00,602000,760418000
7912-O,大日印,大証1部,,,,,0,0
7913-T,図書印,東証1部,242.00,243.00,242.00,242.00,26000,6295000
7914-T,共同印,東証1部,309.00,317.00,308.00,314.00,36000,11212000
7915-T,日写印,東証1部,4560.00,4560.00,4460.00,4490.00,112200,505504000
7915-O,日写印,大証1部,,,,,0,0
7916-T,光村印,東証1部,,,,,0,0
7917-T,藤森工,東証1部,1264.00,1276.00,1251.00,1265.00,20900,26494800
7918-J,ヴィアHD,JQ,985.00,994.00,985.00,994.00,600,591900
7919-T,野崎印,東証2部,,,,,0,0
7919-O,野崎印,大証2部,,,,,0,0
7920-T,三浦印,東証2部,240.00,240.00,240.00,240.00,3000,720000
7921-T,宝印刷,東証1部,881.00,884.00,874.00,884.00,34200,30060500
7922-J,三光産,JQ,,,,,0,0
7923-J,トーイン,JQ,,,,,0,0
7925-T,前澤化,東証1部,1021.00,1021.00,1000.00,1000.00,2700,2727200
7927-J,ムトー精工,JQ,700.00,700.00,668.00,668.00,17500,12237600
7928-J,旭化学,JQ,650.00,650.00,645.00,650.00,1300,843000
7932-J,ニッピ,JQ,437.00,437.00,437.00,437.00,1000,437000
7934-T,メルクス,東証2部,60.00,60.00,57.00,57.00,34000,1978000
7935-T,コンビ,東証1部,688.00,690.00,670.00,690.00,16500,11282500
7936-T,アシックス,東証1部,852.00,872.00,849.00,866.00,226000,195150000
7936-O,アシックス,大証1部,,,,,0,0
7937-T,ツツミ,東証1部,1888.00,1890.00,1888.00,1890.00,1000,1888500
7938-J,リーガル,JQ,142.00,142.00,141.00,141.00,6000,848000
7939-J,研創,JQ,,,,,0,0
7940-T,ウェーブロック,東証2部,510.00,510.00,510.00,510.00,800,408000
7942-T,JSP,東証1部,733.00,739.00,721.00,727.00,13700,9987300
7943-T,ニチハ,東証1部,752.00,752.00,718.00,720.00,13000,9506400
7944-T,ローランド,東証1部,1188.00,1211.00,1168.00,1211.00,1500,1783200
7944-O,ローランド,大証1部,1210.00,1210.00,1176.00,1182.00,7100,8505700
7946-O,光陽社,大証2部,61.00,64.00,61.00,61.00,71000,4440000
7947-T,エフピコ,東証1部,4220.00,4220.00,4220.00,4220.00,200,844000
7947-O,エフピコ,大証1部,4240.00,4260.00,4220.00,4240.00,16600,70354000
7949-T,小松ウオル,東証1部,1120.00,1120.00,1115.00,1118.00,2600,2907200
7949-O,小松ウオル,大証1部,,,,,0,0
7951-T,ヤマハ,東証1部,1121.00,1132.00,1100.00,1103.00,482800,540169600
7952-T,河合楽,東証1部,144.00,146.00,138.00,146.00,6678000,950701000
7954-J,EMCOMHD,JQ,28.00,29.00,27.00,28.00,354000,9910000
7955-T,クリナップ,東証1部,491.00,498.00,491.00,496.00,9900,4883300
7956-T,ピジョン,東証1部,3160.00,3180.00,3150.00,3170.00,30200,95573000
7957-O,フジコピア,大証2部,,,,,0,0
7958-T,天馬,東証1部,1159.00,1179.00,1144.00,1148.00,9700,11231800
7960-T,パラマウント,東証1部,1420.00,1422.00,1387.00,1387.00,14900,21029000
7961-T,兼日農,東証1部,172.00,176.00,169.00,169.00,690000,119158000
7961-O,兼日農,大証1部,,,,,0,0
7962-T,キングジム,東証1部,698.00,700.00,697.00,698.00,4300,3001900
7963-J,興研,JQ,897.00,897.00,890.00,893.00,2600,2321800
7965-O,象印,大証2部,221.00,227.00,220.00,225.00,243000,54282000
7966-T,リンテック,東証1部,1704.00,1712.00,1666.00,1684.00,77200,130571000
7968-T,田崎真,東証1部,135.00,136.00,131.00,131.00,212000,28472000
7970-T,信越ポリ,東証1部,497.00,502.00,494.00,498.00,38200,18988700
7971-T,東リ,東証1部,212.00,212.00,210.00,210.00,3000,634000
7971-O,東リ,大証1部,,,,,0,0
7972-T,イトーキ,東証1部,275.00,276.00,273.00,274.00,15500,4261500
7972-O,イトーキ,大証1部,,,,,0,0
7974-T,任天堂,東証1部,26240.00,26320.00,26160.00,26190.00,6000,157446000
7974-O,任天堂,大証1部,26250.00,26340.00,26140.00,26200.00,209400,5493527000
7975-O,リヒトラブ,大証2部,187.00,187.00,187.00,187.00,1000,187000
7976-T,菱鉛筆,東証1部,1209.00,1221.00,1191.00,1191.00,6200,7457500
7979-T,松風,東証2部,757.00,757.00,750.00,750.00,1000,753500
7980-J,重松製,JQ,406.00,407.00,406.00,407.00,2000,813000
7981-T,タカラスタン,東証1部,564.00,564.00,559.00,561.00,45000,25337000
7981-O,タカラスタン,大証1部,,,,,0,0
7983-O,ミロク,大証2部,,,,,0,0
7984-T,コクヨ,東証1部,857.00,857.00,836.00,837.00,63300,53433200
7984-O,コクヨ,大証1部,,,,,0,0
7985-T,ネポン,東証2部,90.00,90.00,90.00,90.00,1000,90000
7986-J,キング工,JQ,71.00,71.00,69.00,70.00,51000,3580000
7987-T,ナカバヤシ,東証1部,226.00,229.00,226.00,229.00,11000,2499000
7987-O,ナカバヤシ,大証1部,,,,,0,0
7988-T,ニフコ,東証1部,1491.00,1526.00,1477.00,1479.00,66300,98909400
7989-T,ブラインド,東証2部,470.00,470.00,465.00,465.00,700,326000
7990-T,ダイワ精,東証1部,138.00,141.00,137.00,141.00,294000,40870000
7991-T,マミヤOP,東証2部,85.00,86.00,84.00,85.00,79000,6718000
7992-T,セーラー,東証2部,76.00,76.00,74.00,74.00,19000,1427000
7993-T,サンウエブ,東証1部,280.00,318.00,280.00,295.00,997000,295710000
7994-T,岡村製,東証1部,583.00,590.00,567.00,582.00,45000,26284000
7994-O,岡村製,大証1部,,,,,0,0
7995-T,日バルカー,東証1部,209.00,211.00,208.00,209.00,68000,14215000
7997-O,くろ工,大証2部,66.00,66.00,65.00,65.00,9000,591000
7999-T,MUTOH-HD,東証1部,159.00,161.00,157.00,159.00,50000,7969000
8000-O,カイゲン,大証2部,377.00,377.00,377.00,377.00,1000,377000
8001-T,伊藤忠,東証1部,641.00,642.00,622.00,622.00,5411000,3413099000
8001-O,伊藤忠,大証1部,,,,,0,0
8001-S,伊藤忠,札証,,,,,0,0
8001-F,伊藤忠,福証,,,,,0,0
8002-T,丸紅,東証1部,411.00,412.00,398.00,400.00,7476000,3034782000
8002-O,丸紅,大証1部,,,,,0,0
8005-T,ムトウ,東証1部,412.00,415.00,411.00,411.00,6500,2682100
8006-T,ユアサフナ,東証2部,225.00,225.00,225.00,225.00,5000,1125000
8007-T,高島,東証1部,168.00,172.00,164.00,166.00,760000,127640000
8008-T,F&AアクアHD,東証1部,1030.00,1037.00,1029.00,1029.00,5600,5772900
8011-T,三陽商,東証1部,315.00,316.00,313.00,314.00,94000,29560000
8012-T,長瀬産,東証1部,950.00,962.00,950.00,952.00,40000,38222000
8012-O,長瀬産,大証1部,,,,,0,0
8013-T,ナイガイ,東証1部,57.00,57.00,56.00,57.00,76000,4327000
8014-T,蝶理,東証1部,119.00,120.00,115.00,116.00,381000,44743000
8014-O,蝶理,大証1部,,,,,0,0
8015-T,豊通商,東証1部,1360.00,1368.00,1344.00,1350.00,227700,309098800
8016-T,オンワードHD,東証1部,605.00,605.00,600.00,600.00,112000,67440000
8016-O,オンワードHD,大証1部,,,,,0,0
8018-T,三共興,東証1部,224.00,225.00,222.00,223.00,37400,8387700
8018-O,三共興,大証1部,,,,,0,0
8020-T,兼松,東証1部,99.00,99.00,97.00,97.00,1424000,140057000
8020-O,兼松,大証1部,,,,,0,0
8022-T,ミズノ,東証1部,427.00,429.00,426.00,428.00,108000,46153000
8022-O,ミズノ,大証1部,,,,,0,0
8023-T,大興通,東証2部,189.00,189.00,189.00,189.00,1000,189000
8024-T,シルバーOX,東証1部,116.00,120.00,115.00,116.00,520000,60801000
8024-O,シルバーOX,大証1部,,,,,0,0
8025-T,ツカモト,東証1部,103.00,104.00,101.00,102.00,286000,29463000
8027-O,ルシアン,大証1部,76.00,78.00,76.00,76.00,109000,8379000
8028-T,Fマート,東証1部,2940.00,2950.00,2920.00,2935.00,114600,336382500
8029-T,ルック,東証1部,125.00,128.00,123.00,128.00,1099000,138553000
8030-T,中央魚,東証2部,180.00,180.00,177.00,177.00,9000,1606000
8031-T,三井物,東証1部,1098.00,1101.00,1079.00,1080.00,4463400,4866527800
8031-O,三井物,大証1部,,,,,0,0
8031-S,三井物,札証,,,,,0,0
8031-F,三井物,福証,,,,,0,0
8032-T,紙パル商,東証1部,311.00,315.00,308.00,310.00,57000,17760000
8035-T,東エレク,東証1部,4750.00,4780.00,4650.00,4660.00,528600,2486045000
8036-T,日立ハイテク,東証1部,1632.00,1648.00,1597.00,1603.00,175300,285062000
8036-O,日立ハイテク,大証1部,,,,,0,0
8037-T,カメイ,東証1部,524.00,525.00,511.00,511.00,8000,4169000
8038-T,東都水,東証1部,170.00,170.00,169.00,169.00,104000,17594000
8039-T,築地魚,東証2部,152.00,152.00,152.00,152.00,2000,304000
8040-T,東ソワール,東証2部,,,,,0,0
8041-O,OUGHD,大証1部,173.00,176.00,172.00,175.00,33000,5738000
8042-T,日マタイ,東証1部,108.00,108.00,106.00,106.00,25000,2681000
8043-T,スターゼン,東証1部,215.00,216.00,214.00,214.00,27000,5807000
8044-T,大都魚,東証2部,127.00,127.00,126.00,126.00,3000,380000
8045-J,横丸魚,JQ,413.00,413.00,413.00,413.00,1000,413000
8046-T,丸藤パ,東証2部,177.00,177.00,177.00,177.00,2000,354000
8050-T,セイコーHD,東証1部,257.00,258.00,253.00,253.00,63000,16084000
8051-T,山善,東証1部,421.00,430.00,418.00,422.00,50500,21328900
8051-O,山善,大証1部,,,,,0,0
8052-T,椿本興,東証1部,235.00,235.00,233.00,233.00,9000,2100000
8052-O,椿本興,大証1部,,,,,0,0
8053-T,住友商,東証1部,940.00,942.00,920.00,922.00,1842700,1717113400
8053-O,住友商,大証1部,,,,,0,0
8053-F,住友商,福証,,,,,0,0
8056-T,日ユニシス,東証1部,816.00,825.00,810.00,810.00,99200,81023700
8057-T,内田洋,東証1部,340.00,340.00,331.00,332.00,53000,17719000
8057-O,内田洋,大証1部,,,,,0,0
8058-T,三菱商,東証1部,1725.00,1725.00,1692.00,1696.00,4269700,7300745600
8058-O,三菱商,大証1部,,,,,0,0
8059-T,第一実,東証1部,362.00,365.00,359.00,361.00,88000,31854000
8060-T,キヤノンMJ,東証1部,1352.00,1359.00,1313.00,1315.00,135400,180676200
8061-T,西華産,東証1部,227.00,227.00,224.00,224.00,23000,5186000
8065-T,佐藤商,東証1部,525.00,525.00,523.00,524.00,2800,1468700
8066-T,三谷商,東証2部,600.00,600.00,600.00,600.00,1400,840000
8066-O,三谷商,大証2部,,,,,0,0
8068-T,菱洋エレク,東証1部,796.00,800.00,794.00,795.00,32400,25788000
8070-T,東京産,東証1部,292.00,293.00,290.00,290.00,9500,2772500
8072-J,出版貿,JQ,285.00,285.00,285.00,285.00,1000,285000
8073-J,MAGネットHD,JQ,226.00,233.00,224.00,230.00,8600,1964600
8074-T,ユアサ商,東証1部,115.00,115.00,111.00,111.00,148000,16647000
8075-T,神鋼商,東証1部,165.00,166.00,165.00,165.00,43000,7109000
8075-O,神鋼商,大証1部,,,,,0,0
8077-O,小林産,大証1部,208.00,208.00,204.00,204.00,14300,2974000
8078-T,阪和興,東証1部,352.00,355.00,343.00,344.00,441000,154172000
8078-O,阪和興,大証1部,,,,,0,0
8079-T,正栄食,東証2部,428.00,428.00,428.00,428.00,1000,428000
8080-J,ジョイス,JQ,,,,,0,0
8081-T,カナデン,東証1部,,,,,0,0
8081-O,カナデン,大証1部,,,,,0,0
8084-T,菱電商,東証1部,511.00,524.00,511.00,516.00,17000,8745000
8085-T,ナラサキ,東証2部,98.00,98.00,97.00,97.00,9000,879000
8085-S,ナラサキ,札証,,,,,0,0
8086-T,ニプロ,東証1部,1909.00,1909.00,1888.00,1894.00,48300,91994400
8086-O,ニプロ,大証1部,,,,,0,0
8087-T,フルサト,東証1部,710.00,710.00,710.00,710.00,200,142000
8087-O,フルサト,大証1部,709.00,713.00,708.00,713.00,2200,1560700
8088-T,岩谷産,東証1部,268.00,269.00,264.00,264.00,183000,48904000
8088-O,岩谷産,大証1部,,,,,0,0
8089-T,すてきN,東証1部,171.00,171.00,167.00,167.00,57000,9696000
8090-T,昭光商,東証1部,115.00,115.00,112.00,112.00,44000,4992000
8091-T,ニチモウ,東証1部,175.00,175.00,173.00,173.00,56000,9764000
8092-T,富通システ,東証1部,1832.00,1832.00,1770.00,1770.00,11800,21233100
8093-T,極東貿,東証1部,151.00,152.00,150.00,150.00,14000,2107000
8095-T,イワキ,東証1部,200.00,200.00,200.00,200.00,5000,1000000
8096-T,兼松エレク,東証1部,852.00,860.00,848.00,854.00,7700,6557400
8097-T,三愛石,東証1部,484.00,493.00,481.00,493.00,105000,50965000
8098-T,稲畑産,東証1部,395.00,395.00,385.00,388.00,31900,12455900
8098-O,稲畑産,大証1部,,,,,0,0
8101-T,GSIクレオス,東証1部,124.00,124.00,121.00,121.00,180000,21983000
8101-O,GSIクレオス,大証1部,,,,,0,0
8103-T,明和産,東証1部,187.00,188.00,186.00,187.00,16900,3159100
8104-S,クワザワ,札証,,,,,0,0
8105-T,堀田丸正,東証2部,57.00,58.00,56.00,56.00,100000,5663000
8107-O,キムラタン,大証1部,5.00,5.00,4.00,5.00,1149000,5484000
8108-F,ヤマエ久,福証,870.00,870.00,870.00,870.00,3200,2784000
8111-T,Gウイン,東証1部,249.00,250.00,248.00,248.00,47000,11698000
8112-T,東スタイル,東証1部,771.00,774.00,763.00,766.00,59000,45264000
8113-T,ユニチャーム,東証1部,7380.00,7410.00,7290.00,7340.00,79500,584201000
8114-T,デサント,東証1部,451.00,451.00,447.00,447.00,5000,2251000
8114-O,デサント,大証1部,,,,,0,0
8115-O,ムーンバット,大証2部,139.00,139.00,138.00,138.00,23000,3183000
8117-O,中央自,大証2部,359.00,359.00,359.00,359.00,1000,359000
8118-O,キング,大証1部,275.00,275.00,260.00,260.00,3700,990700
8119-J,三栄コポ,JQ,240.00,240.00,240.00,240.00,6000,1440000
8120-J,大木,JQ,,,,,0,0
8123-J,川辺,JQ,129.00,130.00,127.00,130.00,11000,1409000
8125-O,ワキタ,大証1部,479.00,479.00,475.00,479.00,7000,3341000
8127-T,ヤマトインタ,東証1部,426.00,426.00,426.00,426.00,200,85200
8127-O,ヤマトインタ,大証1部,425.00,429.00,422.00,422.00,2200,934800
8128-O,エフワン,大証2部,62.00,62.00,62.00,62.00,1000,62000
8129-T,東邦HD,東証1部,1079.00,1084.00,1061.00,1066.00,54500,58540000
8130-T,サンゲツ,東証1部,2075.00,2085.00,2075.00,2075.00,5100,10600500
8131-T,ミツウロコ,東証1部,542.00,547.00,535.00,544.00,14200,7714200
8132-T,シナネン,東証1部,511.00,511.00,501.00,502.00,84000,42809000
8133-T,エネクス,東証1部,599.00,600.00,590.00,591.00,19200,11437900
8134-T,TOKAI,東証1部,418.00,418.00,414.00,414.00,12000,4991000
8135-O,ゼット,大証2部,185.00,185.00,185.00,185.00,1000,185000
8136-T,サンリオ,東証1部,830.00,831.00,825.00,825.00,43000,35622700
8137-T,サンワテクノス,東証1部,491.00,491.00,491.00,491.00,500,245500
8138-O,三京化,大証2部,209.00,209.00,209.00,209.00,4000,836000
8139-T,ナガホリ,東証2部,205.00,205.00,205.00,205.00,6000,1230000
8140-T,リョーサン,東証1部,2260.00,2280.00,2260.00,2275.00,12000,27235500
8141-T,新光商,東証1部,900.00,917.00,887.00,890.00,37800,34031000
8142-T,トーホー,東証1部,348.00,348.00,346.00,346.00,7000,2432000
8142-O,トーホー,大証1部,,,,,0,0
8142-F,トーホー,福証,,,,,0,0
8143-T,ラピーヌ,東証2部,99.00,99.00,96.00,96.00,10000,975000
8143-O,ラピーヌ,大証2部,,,,,0,0
8144-O,電響社,大証2部,,,,,0,0
8147-J,トミタ,JQ,468.00,468.00,468.00,468.00,200,93600
8148-O,上原成,大証2部,390.00,390.00,390.00,390.00,1000,390000
8150-T,三信電,東証1部,795.00,798.00,783.00,783.00,12500,9925200
8151-T,東陽テク,東証1部,929.00,934.00,927.00,931.00,14300,13299800
8152-T,ソマール,東証2部,240.00,240.00,240.00,240.00,1000,240000
8153-T,モスフード,東証1部,1561.00,1572.00,1542.00,1555.00,10500,16322200
8154-T,加賀電,東証1部,1270.00,1272.00,1223.00,1240.00,20000,25027600
8155-T,三益半,東証1部,1148.00,1163.00,1137.00,1138.00,57200,65866800
8157-T,都築電,東証2部,339.00,339.00,338.00,338.00,3000,1016000
8158-T,ソーダニッカ,東証1部,299.00,299.00,299.00,299.00,1000,299000
8159-T,立花エレテ,東証1部,837.00,840.00,830.00,832.00,1900,1581800
8159-O,立花エレテ,大証1部,,,,,0,0
8160-T,木曽路,東証1部,1932.00,1932.00,1897.00,1906.00,13500,26031400
8163-O,サトRS,大証1部,570.00,570.00,570.00,570.00,3000,1710000
8165-T,千趣会,東証1部,660.00,669.00,658.00,664.00,18400,12162800
8165-O,千趣会,大証1部,,,,,0,0
8166-T,タカキュー,東証1部,170.00,172.00,165.00,167.00,108500,18336500
8167-T,丸久,東証2部,,,,,0,0
8167-O,丸久,大証2部,,,,,0,0
8168-T,ケーヨー,東証1部,484.00,485.00,481.00,483.00,8100,3908600
8170-T,アデランスHD,東証1部,1169.00,1177.00,1158.00,1160.00,22300,25978900
8170-O,アデランスHD,大証1部,,,,,0,0
8173-T,上新電,東証1部,706.00,707.00,698.00,699.00,12000,8445000
8173-O,上新電,大証1部,,,,,0,0
8174-T,日ガス,東証1部,1389.00,1389.00,1372.00,1376.00,6200,8596800
8175-T,ベスト電,東証1部,502.00,504.00,470.00,477.00,171000,83588000
8175-F,ベスト電,福証,,,,,0,0
8178-T,マルエツ,東証1部,497.00,497.00,485.00,490.00,53000,26035000
8179-T,ロイヤルHD,東証1部,1038.00,1038.00,1028.00,1028.00,12100,12516500
8179-F,ロイヤルHD,福証,,,,,0,0
8181-T,東天紅,東証1部,185.00,190.00,180.00,180.00,15000,2741000
8182-T,いなげや,東証1部,920.00,920.00,920.00,920.00,23000,21160000
8184-T,島忠,東証1部,2020.00,2030.00,2000.00,2015.00,82300,165747500
8185-T,チヨダ,東証1部,1373.00,1373.00,1344.00,1344.00,16300,22122800
8186-J,大塚家,JQ,848.00,866.00,848.00,853.00,31100,26609600
8187-J,京樽,JQ,52400.00,52500.00,52000.00,52000.00,4,208900
8191-J,光製作,JQ,435.00,435.00,430.00,435.00,8000,3459000
8193-T,鈴丹,東証1部,258.00,261.00,253.00,257.00,282500,72705800
8194-T,ライフコーポ,東証1部,1605.00,1605.00,1605.00,1605.00,500,802500
8194-O,ライフコーポ,大証1部,,,,,0,0
8196-T,カスミ,東証1部,432.00,436.00,432.00,434.00,42300,18354600
8198-T,MV東海,東証2部,1176.00,1177.00,1172.00,1172.00,2800,3289900
8200-T,リンガハット,東証1部,1224.00,1224.00,1212.00,1212.00,5300,6452600
8200-F,リンガハット,福証,,,,,0,0
8201-T,さが美,東証1部,161.00,161.00,157.00,157.00,35000,5584000
8202-T,ラオックス,東証2部,239.00,254.00,203.00,215.00,19148000,4496983000
8203-T,MrMax,東証1部,476.00,480.00,469.00,475.00,3600,1709500
8203-F,MrMax,福証,,,,,0,0
8205-J,シャクリーGG,JQ,,,,,0,0
8206-O,ステラG,大証2部,10.00,10.00,9.00,10.00,414000,4138000
8207-T,テンアライド,東証1部,308.00,308.00,306.00,307.00,3700,1137600
8208-J,エンチョー,JQ,,,,,0,0
8209-O,フレンドリー,大証2部,,,,,0,0
8214-T,AOKIHD,東証1部,1027.00,1027.00,1004.00,1006.00,16000,16273800
8214-O,AOKIHD,大証1部,,,,,0,0
8215-J,山形屋,JQ,78.00,78.00,78.00,78.00,13000,1014000
8216-O,どん,大証2部,444.00,450.00,444.00,450.00,7000,3130000
8217-T,オークワ,東証1部,1092.00,1092.00,1092.00,1092.00,1000,1092000
8217-O,オークワ,大証1部,1096.00,1104.00,1092.00,1104.00,19000,20854000
8218-T,コメリ,東証1部,2150.00,2150.00,2085.00,2095.00,48500,102562000
8219-T,青山商,東証1部,1615.00,1638.00,1570.00,1617.00,11100,17929000
8219-O,青山商,大証1部,1600.00,1622.00,1590.00,1605.00,92800,149110700
8225-J,タカチホ,JQ,,,,,0,0
8226-T,理経,東証2部,99.00,99.00,96.00,96.00,5000,488000
8227-T,しまむら,東証1部,7770.00,7790.00,7710.00,7720.00,23100,179403000
8229-T,CFS,東証1部,567.00,567.00,563.00,563.00,4000,2263000
8230-O,はせがわ,大証2部,287.00,289.00,286.00,289.00,3300,947500
8230-F,はせがわ,福証,,,,,0,0
8233-T,高島屋,東証1部,736.00,743.00,728.00,728.00,435000,319566000
8233-O,高島屋,大証1部,,,,,0,0
8236-T,丸善,東証1部,99.00,99.00,98.00,98.00,44000,4344000
8237-T,松屋,東証1部,1068.00,1068.00,1040.00,1040.00,46200,48778200
8242-T,H2Oリテイル,東証1部,532.00,533.00,517.00,523.00,386000,202879000
8242-O,H2Oリテイル,大証1部,,,,,0,0
8244-O,近鉄百,大証1部,166.00,166.00,166.00,166.00,4000,664000
8245-T,丸栄,東証1部,176.00,177.00,176.00,177.00,4000,707000
8246-F,岩田屋,福証,280.00,280.00,280.00,280.00,500,140000
8247-T,大和,東証2部,112.00,112.00,112.00,112.00,10000,1120000
8247-O,大和,大証2部,,,,,0,0
8248-T,ニッセンHD,東証1部,340.00,345.00,335.00,340.00,55400,18820200
8248-O,ニッセンHD,大証1部,335.00,344.00,330.00,339.00,559000,188834900
8249-T,テクノアソシエ,東証2部,735.00,735.00,735.00,735.00,800,588000
8249-O,テクノアソシエ,大証2部,,,,,0,0
8251-T,パルコ,東証1部,749.00,749.00,727.00,728.00,53000,39024400
8252-T,丸井G,東証1部,662.00,663.00,645.00,645.00,555400,363059800
8253-T,クレセゾン,東証1部,1087.00,1098.00,1053.00,1054.00,1739900,1869415100
8254-T,サイカ屋,東証2部,174.00,174.00,170.00,174.00,9000,1553000
8255-T,原信ナルス,東証1部,952.00,952.00,945.00,946.00,2900,2749500
8256-J,プロルート,JQ,330.00,339.00,330.00,339.00,5000,1654500
8257-J,山陽百,JQ,,,,,0,0
8258-T,セディナ,東証1部,211.00,211.00,203.00,203.00,661300,137772900
8260-T,井筒屋,東証1部,62.00,62.00,61.00,61.00,91000,5573000
8260-F,井筒屋,福証,,,,,0,0
8263-T,ダイエー,東証1部,428.00,429.00,420.00,420.00,161250,68472950
8266-T,イズミヤ,東証1部,573.00,574.00,569.00,571.00,56000,32037000
8266-O,イズミヤ,大証1部,,,,,0,0
8267-T,イオン,東証1部,886.00,907.00,878.00,896.00,1860200,1656577500
8270-T,ユニー,東証1部,745.00,754.00,743.00,750.00,178900,133959900
8273-T,イズミ,東証1部,1141.00,1162.00,1141.00,1146.00,44800,51507300
8273-O,イズミ,大証1部,,,,,0,0
8274-T,東武ストア,東証1部,303.00,303.00,300.00,300.00,17000,5119000
8275-J,フォーバル,JQ,250.00,250.00,250.00,250.00,2700,675000
8276-T,平和堂,東証1部,1185.00,1192.00,1173.00,1185.00,14300,16939600
8276-O,平和堂,大証1部,,,,,0,0
8278-T,フジ,東証1部,1713.00,1737.00,1712.00,1720.00,6400,10991300
8278-O,フジ,大証1部,,,,,0,0
8279-T,ヤオコー,東証1部,2870.00,2895.00,2870.00,2880.00,2300,6616500
8281-T,ゼビオ,東証1部,2050.00,2080.00,2030.00,2075.00,49500,102429500
8282-T,ケーズHD,東証1部,2515.00,2560.00,2510.00,2520.00,99800,252121500
8287-O,MV西日本,大証2部,1376.00,1376.00,1376.00,1376.00,600,825600
8289-T,Olympic,東証1部,614.00,617.00,612.00,612.00,2000,1227600
8291-T,東日CLG,東証1部,138.00,139.00,136.00,136.00,151000,20741000
8298-J,ファミリー,JQ,,,,,0,0
8301-J,日銀SC,JQ,,,,,0,0
8303-T,新生銀,東証1部,145.00,148.00,145.00,147.00,1800000,263480000
8304-T,あおぞら,東証1部,137.00,140.00,137.00,139.00,1358000,188358000
8306-T,三菱UFJ,東証1部,595.00,601.00,593.00,594.00,21917900,13074152500
8306-O,三菱UFJ,大証1部,595.00,599.00,595.00,599.00,1200,716600
8308-T,りそなHD,東証1部,1365.00,1376.00,1360.00,1364.00,332800,455551600
8308-O,りそなHD,大証1部,,,,,0,0
8309-T,中央三井,東証1部,359.00,364.00,359.00,359.00,1597000,577117000
8309-O,中央三井,大証1部,,,,,0,0
8316-T,三井住友,東証1部,3900.00,3960.00,3900.00,3920.00,2586100,10155350000
8316-O,三井住友,大証1部,,,,,0,0
8324-T,第四銀,東証1部,390.00,391.00,386.00,388.00,96000,37286000
8325-T,北越銀,東証1部,187.00,187.00,185.00,185.00,30000,5577000
8327-T,西日シ銀,東証1部,236.00,242.00,236.00,237.00,597000,143046000
8327-O,西日シ銀,大証1部,,,,,0,0
8327-F,西日シ銀,福証,,,,,0,0
8328-T,札幌北洋,東証1部,272.00,274.00,269.00,274.00,196900,53361800
8328-S,札幌北洋,札証,,,,,0,0
8331-T,千葉銀,東証1部,606.00,613.00,602.00,612.00,828000,504590000
8332-T,横浜銀,東証1部,513.00,521.00,510.00,518.00,1166000,602519000
8333-T,常陽銀,東証1部,479.00,486.00,479.00,481.00,431000,207887000
8334-T,群馬銀,東証1部,539.00,549.00,537.00,545.00,488000,265845000
8336-T,武蔵銀,東証1部,3200.00,3200.00,3160.00,3160.00,21000,66728000
8337-T,千葉興,東証1部,915.00,925.00,915.00,921.00,7300,6711600
8338-T,関東ツクバ,東証1部,318.00,320.00,316.00,316.00,19900,6325800
8339-T,都民銀,東証1部,1762.00,1791.00,1762.00,1789.00,13200,23468600
8341-T,七十七,東証1部,544.00,552.00,544.00,547.00,196000,107422000
8341-S,七十七,札証,,,,,0,0
8342-T,青森銀,東証1部,371.00,373.00,370.00,371.00,35000,12990000
8343-T,秋田銀,東証1部,349.00,353.00,343.00,347.00,99000,34473000
8344-T,山形銀,東証1部,480.00,488.00,480.00,483.00,10000,4824000
8345-T,岩手銀,東証1部,5420.00,5430.00,5400.00,5400.00,4200,22736000
8346-T,東邦銀,東証1部,403.00,413.00,403.00,407.00,59000,24022000
8347-T,荘内銀行,東証1部,181.00,182.00,181.00,181.00,12000,2174000
8349-T,東北銀,東証1部,152.00,153.00,152.00,153.00,13000,1982000
8350-T,みち銀,東証1部,205.00,207.00,205.00,206.00,18000,3701000
8354-T,ふくおか,東証1部,409.00,420.00,405.00,413.00,1483000,615166000
8354-O,ふくおか,大証1部,,,,,0,0
8354-F,ふくおか,福証,,,,,0,0
8355-T,静岡銀,東証1部,948.00,958.00,941.00,950.00,499000,474537000
8356-T,十六銀,東証1部,339.00,348.00,339.00,347.00,178000,61325000
8358-T,スルガ銀,東証1部,917.00,940.00,914.00,928.00,373000,347142000
8359-T,八十二,東証1部,531.00,540.00,530.00,537.00,167000,89351000
8360-T,山梨銀,東証1部,511.00,523.00,511.00,514.00,47000,24239000
8361-T,大垣銀,東証1部,426.00,428.00,424.00,424.00,80000,34084000
8362-T,福井銀,東証1部,317.00,317.00,313.00,313.00,40000,12617000
8363-T,北国銀,東証1部,345.00,350.00,344.00,350.00,36000,12507000
8363-O,北国銀,大証1部,,,,,0,0
8364-T,清水銀,東証1部,3790.00,3810.00,3790.00,3790.00,1000,3796000
8366-T,滋賀銀,東証1部,572.00,576.00,564.00,566.00,113000,64165000
8366-O,滋賀銀,大証1部,,,,,0,0
8367-T,南都銀,東証1部,521.00,529.00,521.00,529.00,5000,2613000
8367-O,南都銀,大証1部,522.00,529.00,521.00,522.00,41000,21501000
8368-T,百五銀,東証1部,472.00,476.00,470.00,470.00,96000,45339000
8369-T,京都銀,東証1部,875.00,890.00,873.00,890.00,265000,234581000
8369-O,京都銀,大証1部,,,,,0,0
8372-O,泉州銀,大証1部,202.00,202.00,202.00,202.00,8000,1616000
8374-T,三重銀,東証1部,349.00,351.00,346.00,347.00,22000,7671000
8375-T,池田銀,東証1部,3820.00,3820.00,3790.00,3790.00,4200,16003000
8375-O,池田銀,大証1部,,,,,0,0
8377-T,ほくほく,東証1部,241.00,244.00,237.00,237.00,1232000,295761000
8377-S,ほくほく,札証,,,,,0,0
8379-T,広島銀,東証1部,389.00,394.00,388.00,390.00,309000,120621000
8381-T,山合銀,東証1部,831.00,844.00,826.00,830.00,76000,63314000
8381-O,山合銀,大証1部,,,,,0,0
8382-T,中国銀,東証1部,1294.00,1315.00,1294.00,1308.00,75000,97789000
8382-O,中国銀,大証1部,,,,,0,0
8383-T,鳥取銀,東証1部,260.00,269.00,260.00,265.00,25000,6525000
8383-O,鳥取銀,大証1部,262.00,264.00,261.00,262.00,18000,4735000
8385-T,伊予銀,東証1部,977.00,982.00,972.00,975.00,89000,87001000
8385-O,伊予銀,大証1部,,,,,0,0
8386-T,百十四,東証1部,455.00,458.00,454.00,454.00,57000,26011000
8386-O,百十四,大証1部,,,,,0,0
8387-T,四国銀,東証1部,359.00,363.00,358.00,362.00,71000,25639000
8387-O,四国銀,大証1部,,,,,0,0
8388-T,阿波銀,東証1部,548.00,550.00,545.00,545.00,67000,36678000
8388-O,阿波銀,大証1部,,,,,0,0
8390-T,鹿児銀,東証1部,679.00,688.00,679.00,680.00,65000,44335000
8390-O,鹿児銀,大証1部,,,,,0,0
8390-F,鹿児銀,福証,,,,,0,0
8392-T,大分銀,東証1部,479.00,484.00,479.00,483.00,18000,8661000
8392-F,大分銀,福証,,,,,0,0
8393-T,宮崎銀,東証1部,371.00,371.00,367.00,367.00,12000,4431000
8393-F,宮崎銀,福証,,,,,0,0
8394-T,肥後銀,東証1部,560.00,564.00,556.00,561.00,36000,20208000
8394-O,肥後銀,大証1部,,,,,0,0
8394-F,肥後銀,福証,,,,,0,0
8395-T,佐賀銀,東証1部,329.00,332.00,326.00,329.00,25000,8222000
8395-F,佐賀銀,福証,,,,,0,0
8396-T,十八銀,東証1部,290.00,291.00,287.00,287.00,15000,4340000
8396-O,十八銀,大証1部,,,,,0,0
8396-F,十八銀,福証,,,,,0,0
8397-T,沖縄銀,東証1部,3280.00,3360.00,3280.00,3340.00,3300,10953000
8397-F,沖縄銀,福証,,,,,0,0
8398-F,筑邦銀,福証,,,,,0,0
8399-T,琉球銀,東証1部,1071.00,1087.00,1071.00,1082.00,78000,84312900
8399-F,琉球銀,福証,,,,,0,0
8403-T,住友信,東証1部,496.00,503.00,496.00,497.00,4919000,2454970000
8403-O,住友信,大証1部,,,,,0,0
8404-T,みずほ信,東証1部,125.00,126.00,124.00,124.00,1038000,129425000
8404-O,みずほ信,大証1部,,,,,0,0
8409-T,八千代銀,東証1部,2870.00,2900.00,2870.00,2890.00,3300,9520500
8410-J,セブン銀行,JQ,252000.00,254300.00,250500.00,252900.00,1509,380916100
8411-T,みずほ,東証1部,227.00,228.00,225.00,226.00,30686700,6952464100
8411-O,みずほ,大証1部,,,,,0,0
8415-T,紀陽HD,東証1部,119.00,120.00,118.00,118.00,244000,28931000
8415-O,紀陽HD,大証1部,,,,,0,0
8416-T,高知銀行,東証2部,77.00,78.00,77.00,77.00,69000,5314000
8418-T,山口FG,東証1部,1226.00,1257.00,1226.00,1232.00,152000,188390000
8421-T,信金中金PS,東証,267000.00,271000.00,267000.00,271000.00,72,19475900
8423-T,フィデック,東証1部,14950.00,15100.00,14520.00,14600.00,287,4288350
8424-T,芙蓉リース,東証1部,2065.00,2065.00,2035.00,2050.00,22900,46837500
8425-T,興銀リース,東証1部,1301.00,1313.00,1301.00,1301.00,15900,20741800
8426-T,ニッシン債権,東証マザーズ,3170.00,3340.00,3170.00,3210.00,270,873730
8439-T,東センリース,東証1部,1034.00,1046.00,1028.00,1032.00,98300,101849700
8458-J,DSキャピタル,JQ,546.00,546.00,546.00,546.00,1700,928200
8462-H,フューチャーVC,HCスタンダード,14000.00,14500.00,14000.00,14500.00,44,624200
8473-T,SBI,東証1部,19620.00,19930.00,19460.00,19900.00,55670,1101263850
8473-O,SBI,大証1部,,,,,0,0
8489-J,COS,JQ,138.00,141.00,138.00,141.00,3000,417900
8508-O,Jトラスト,大証2部,344.00,347.00,334.00,334.00,126800,43061200
8511-T,日証金,東証1部,797.00,810.00,788.00,789.00,127400,101493100
8512-T,大証金,東証1部,220.00,220.00,215.00,215.00,500,109500
8512-O,大証金,大証1部,219.00,219.00,214.00,214.00,12300,2663800
8514-S,RHインシグノ,札証,46.00,46.00,46.00,46.00,1000,46000
8515-T,アイフル,東証1部,359.00,379.00,358.00,368.00,19229600,7114056850
8515-O,アイフル,大証1部,,,,,0,0
8518-T,アジア投資,東証1部,75.00,76.00,73.00,73.00,766000,56785000
8519-T,ポケットC,東証1部,259.00,260.00,255.00,255.00,18500,4765500
8519-O,ポケットC,大証1部,,,,,0,0
8520-T,きらやか,東証2部,90.00,90.00,89.00,90.00,10900,978500
8521-T,長野銀,東証1部,230.00,230.00,227.00,228.00,18000,4119000
8522-T,名銀,東証1部,430.00,438.00,430.00,435.00,80000,34736000
8527-T,愛知銀,東証1部,8120.00,8200.00,8060.00,8060.00,1000,8100000
8529-T,第三銀,東証1部,258.00,258.00,256.00,256.00,32000,8245000
8530-T,中京銀,東証1部,306.00,308.00,305.00,305.00,22000,6747000
8536-T,東日銀,東証1部,218.00,219.00,217.00,217.00,34000,7422000
8537-T,大光銀,東証2部,191.00,191.00,191.00,191.00,1000,191000
8540-F,福中銀,福証,,,,,0,0
8541-T,愛媛銀,東証1部,264.00,267.00,262.00,262.00,22000,5805000
8541-O,愛媛銀,大証1部,,,,,0,0
8542-T,トマト銀,東証1部,223.00,226.00,223.00,223.00,13000,2915000
8542-O,トマト銀,大証1部,,,,,0,0
8543-T,みなと銀,東証1部,131.00,131.00,130.00,130.00,7000,916000
8543-O,みなと銀,大証1部,133.00,133.00,131.00,133.00,25000,3301000
8544-T,京葉銀,東証1部,496.00,502.00,496.00,497.00,80000,39916000
8545-T,関西ア銀,東証1部,170.00,173.00,170.00,170.00,11000,1882000
8545-O,関西ア銀,大証1部,172.00,172.00,169.00,169.00,49000,8369000
8550-T,栃木銀,東証1部,478.00,478.00,472.00,478.00,52000,24759000
8551-T,北日銀,東証1部,2640.00,2685.00,2640.00,2680.00,8700,23174000
8552-O,びわこ銀,大証1部,100.00,100.00,99.00,99.00,52000,5149000
8554-F,南日銀,福証,,,,,0,0
8556-T,香川銀,東証1部,409.00,412.00,409.00,410.00,15000,6155000
8558-T,東和銀,東証1部,69.00,69.00,67.00,68.00,257000,17655000
8559-F,豊和銀,福証,,,,,0,0
8560-F,宮崎太,福証,,,,,0,0
8561-T,徳島銀,東証1部,468.00,475.00,468.00,475.00,9000,4229000
8561-O,徳島銀,大証1部,,,,,0,0
8562-T,福島銀,東証1部,69.00,71.00,69.00,69.00,174000,12133000
8563-T,大東銀,東証1部,82.00,86.00,82.00,83.00,156000,13097000
8564-T,武富士,東証1部,513.00,519.00,508.00,511.00,836220,428646720
8566-T,リコーリース,東証1部,1810.00,1832.00,1794.00,1794.00,29700,53770100
8570-T,イオンクレ,東証1部,1171.00,1204.00,1162.00,1193.00,317700,377253200
8571-T,NIS,東証1部,51.00,51.00,49.00,49.00,223500,11109300
8572-T,アコム,東証1部,2345.00,2360.00,2315.00,2320.00,57610,134549150
8574-T,プロミス,東証1部,1208.00,1214.00,1191.00,1194.00,178500,214413200
8577-T,ロプロ,東証1部,25.00,29.00,25.00,27.00,1414200,38765000
8577-O,ロプロ,大証1部,25.00,29.00,24.00,25.00,5117800,137888300
8584-T,ジャックス,東証1部,204.00,207.00,202.00,202.00,138000,28236000
8584-S,ジャックス,札証,,,,,0,0
8585-T,オリコ,東証2部,121.00,122.00,120.00,120.00,443000,53541000
8585-O,オリコ,大証2部,,,,,0,0
8586-T,日立キャピ,東証1部,1215.00,1251.00,1215.00,1225.00,94100,115695300
8589-O,アプラス,大証1部,141.00,144.00,131.00,136.00,1450000,199976000
8591-T,オリックス,東証1部,5750.00,5960.00,5740.00,5800.00,1754030,10248636400
8591-O,オリックス,大証1部,,,,,0,0
8593-T,三菱Uリース,東証1部,2980.00,3020.00,2950.00,2975.00,112470,335550400
8594-S,中道リース,札証,,,,,0,0
8595-T,ジャフコ,東証1部,3160.00,3210.00,3110.00,3110.00,42100,132620000
8596-F,九州リース,福証,,,,,0,0
8601-T,大和証G,東証1部,575.00,579.00,568.00,571.00,8181000,4696313000
8601-O,大和証G,大証1部,,,,,0,0
8604-T,野村HD,東証1部,819.00,829.00,815.00,822.00,9192500,7572446000
8604-O,野村HD,大証1部,,,,,0,0
8606-T,みずほ証,東証1部,289.00,294.00,288.00,288.00,728000,211654000
8606-O,みずほ証,大証1部,,,,,0,0
8607-T,ミズホイン証,東証1部,118.00,119.00,116.00,117.00,349000,41059000
8607-O,ミズホイン証,大証1部,,,,,0,0
8609-T,岡三,東証1部,479.00,480.00,467.00,468.00,71000,33672000
8609-O,岡三,大証1部,,,,,0,0
8613-T,丸三証,東証1部,617.00,618.00,613.00,613.00,14500,8936700
8613-O,丸三証,大証1部,,,,,0,0
8614-T,東洋証,東証1部,260.00,264.00,260.00,262.00,23000,6017000
8614-O,東洋証,大証1部,,,,,0,0
8616-T,東海東京,東証1部,349.00,357.00,349.00,352.00,273000,96458000
8616-O,東海東京,大証1部,,,,,0,0
8617-T,光世証,東証1部,119.00,119.00,117.00,117.00,62000,7342000
8617-O,光世証,大証1部,,,,,0,0
8622-T,水戸証,東証1部,296.00,300.00,296.00,298.00,13000,3883000
8624-T,いちよし,東証1部,775.00,780.00,768.00,775.00,32200,24921100
8624-O,いちよし,大証1部,,,,,0,0
8625-T,高木証,東証2部,208.00,213.00,208.00,210.00,13000,2726000
8625-O,高木証,大証2部,,,,,0,0
8628-T,松井証,東証1部,845.00,854.00,840.00,842.00,324100,274740200
8634-T,JPMC,東証1部外国,3500.00,3500.00,3500.00,3500.00,10,35000
8648-T,バンクアメリカ,東証1部外国,1212.00,1231.00,1196.00,1203.00,4540,5468880
8657-T,UBSAG,東証1部外国,1140.00,1160.00,1140.00,1160.00,70,80000
8678-O,スペイン,大証,,,,,0,0
8681-O,コリアエクイティ,大証,,,,,0,0
8682-O,MSアジア,大証,,,,,0,0
8685-T,AIG,東証1部外国,1815.00,1820.00,1774.00,1810.00,27486,49569007
8686-T,AFL,東証1部外国,3000.00,3090.00,3000.00,3090.00,500,1527000
8689-T,エイゴン,東証1部外国,,,,,0,0
8692-T,だいこう,東証1部,626.00,628.00,616.00,622.00,10100,6285500
8692-O,だいこう,大証1部,,,,,0,0
8697-H,大証,HCスタンダード,441000.00,448000.00,437000.00,441000.00,346,153194000
8698-T,マネックスG,東証1部,43000.00,43800.00,42850.00,43500.00,2151,93483200
8699-H,澤田HD,HCスタンダード,390.00,394.00,390.00,394.00,9700,3791000
8700-J,丸八証券,JQ,67.00,67.00,65.00,65.00,9000,593000
8702-H,スターHD,HCスタンダード,155.00,159.00,155.00,157.00,6600,1038600
8702-F,スターHD,福証,,,,,0,0
8703-T,KABU.COM,東証1部,127800.00,129400.00,127100.00,127600.00,794,101735000
8704-H,トレイダーズ,HCスタンダード,8200.00,8200.00,8000.00,8000.00,22,177700
8705-J,岡藤HD,JQ,202.00,202.00,202.00,202.00,900,181800
8706-T,極東証券,東証1部,449.00,453.00,445.00,446.00,7800,3495200
8707-T,岩井証券,東証1部,926.00,960.00,926.00,930.00,17500,16463000
8707-O,岩井証券,大証1部,,,,,0,0
8708-J,アイザワ証,JQ,257.00,257.00,248.00,250.00,36600,9214800
8709-H,インヴァスト,HCスタンダード,38600.00,39000.00,38000.00,38000.00,10,383800
8710-T,Citi,東証1部外国,283.00,288.00,280.00,283.00,123950,35135750
8711-J,FXプライム,JQ,612.00,614.00,611.00,612.00,14000,8572000
8718-H,JPNHD,HCスタンダード,491.00,494.00,491.00,494.00,1800,886800
8720-O,ベンチャーB,大証,1266.00,1266.00,1210.00,1225.00,170,212330
8721-O,ベンチャーRV,大証,1120.00,1120.00,1100.00,1100.00,330,368500
8725-T,三住海上,東証1部,2470.00,2540.00,2470.00,2510.00,515800,1292982500
8725-O,三住海上,大証1部,,,,,0,0
8728-H,M2J,HCスタンダード,24210.00,24210.00,24080.00,24080.00,5,120740
8729-T,SONYFH,東証1部,279200.00,283400.00,276800.00,281500.00,2653,744440400
8732-H,マネパG,HCスタンダード,49300.00,49900.00,49100.00,49600.00,1197,59126500
8734-J,アストマックス,JQ,23300.00,23300.00,22500.00,23300.00,39,890620
8735-H,SBIフューチャ,HCグロース,58000.00,58800.00,58000.00,58800.00,21,1220500
8737-O,黒川木徳,大証2部,,,,,0,0
8738-J,ひまわり,JQ,69.00,69.00,68.00,69.00,185000,12704000
8739-J,スパークスG,JQ,18210.00,18710.00,18210.00,18680.00,755,13856200
8740-J,フジトミ,JQ,195.00,196.00,195.00,196.00,700,136700
8742-T,小林洋行,東証1部,376.00,376.00,376.00,376.00,800,300800
8744-J,ユニコムGHD,JQ,295.00,297.00,290.00,290.00,18100,5337600
8746-J,第一商品,JQ,338.00,338.00,338.00,338.00,10200,3447600
8747-J,豊商事,JQ,390.00,390.00,380.00,380.00,4000,1540000
8749-J,エース交易,JQ,305.00,310.00,305.00,310.00,3200,982600
8754-T,日本興亜,東証1部,547.00,554.00,546.00,549.00,726000,398770000
8754-O,日本興亜,大証1部,,,,,0,0
8755-T,損保JPN,東証1部,623.00,632.00,619.00,625.00,2055000,1284522000
8755-O,損保JPN,大証1部,,,,,0,0
8755-S,損保JPN,札証,,,,,0,0
8755-F,損保JPN,福証,,,,,0,0
8759-T,ニッセイ同和,東証1部,464.00,465.00,457.00,457.00,163000,75248000
8759-O,ニッセイ同和,大証1部,,,,,0,0
8761-T,あいおい,東証1部,449.00,456.00,448.00,453.00,387000,175196000
8761-O,あいおい,大証1部,,,,,0,0
8763-T,富士火,東証1部,125.00,125.00,124.00,125.00,574000,71537000
8763-O,富士火,大証1部,,,,,0,0
8766-T,東京海上,東証1部,2620.00,2675.00,2605.00,2645.00,1249600,3303356000
8766-O,東京海上,大証1部,,,,,0,0
8767-T,ウェブクルー,東証マザーズ,93400.00,94800.00,91500.00,91600.00,132,12351300
8769-H,ARM,HCグロース,7350.00,7350.00,7350.00,7350.00,40,294000
8771-J,Eギャランティ,JQ,274900.00,277300.00,260900.00,269900.00,136,36728400
8772-T,アサックス,東証1部,100000.00,101000.00,100000.00,100200.00,481,48230700
8783-J,グラウンド,JQ,,,,,0,0
8787-J,UCS,JQ,350.00,351.00,350.00,351.00,6100,2139100
8789-T,フィンテック,東証マザーズ,4140.00,4180.00,3960.00,3980.00,2359,9547580
8793-T,NECキャピ,東証1部,1359.00,1384.00,1352.00,1372.00,15200,20868200
8795-T,T&DHD,東証1部,2775.00,2795.00,2735.00,2770.00,465250,1289008500
8795-O,T&DHD,大証1部,,,,,0,0
8798-H,アドバンスク,HCスタンダード,60000.00,61900.00,60000.00,61000.00,47,2850300
8801-T,三井不,東証1部,1658.00,1695.00,1650.00,1661.00,1972000,3296723000
8801-O,三井不,大証1部,,,,,0,0
8802-T,菱地所,東証1部,1570.00,1595.00,1548.00,1557.00,2390000,3752819000
8802-O,菱地所,大証1部,,,,,0,0
8802-S,菱地所,札証,,,,,0,0
8802-F,菱地所,福証,,,,,0,0
8803-T,平和不,東証1部,302.00,307.00,302.00,302.00,234500,71143500
8803-O,平和不,大証1部,,,,,0,0
8803-S,平和不,札証,,,,,0,0
8803-F,平和不,福証,,,,,0,0
8804-T,東建物,東証1部,528.00,540.00,519.00,522.00,1736000,918859000
8806-T,ダイビル,東証1部,837.00,837.00,827.00,827.00,1100,918700
8806-O,ダイビル,大証1部,835.00,839.00,825.00,828.00,20700,17203000
8809-T,サンケイビル,東証1部,565.00,570.00,562.00,565.00,15600,8814700
8809-O,サンケイビル,大証1部,,,,,0,0
8810-J,港振興P,JQ,,,,,0,0
8815-T,東急不,東証1部,428.00,436.00,423.00,425.00,2034000,873149000
8818-T,京阪不,東証1部,,,,,0,0
8818-O,京阪不,大証1部,443.00,447.00,432.00,438.00,24000,10526000
8821-T,立飛企,東証2部,4440.00,4440.00,4440.00,4440.00,1100,4884000
8830-T,住友不,東証1部,1790.00,1819.00,1769.00,1774.00,1535000,2753904000
8830-O,住友不,大証1部,,,,,0,0
8833-T,東宝不,東証1部,480.00,485.00,473.00,480.00,8900,4270100
8835-T,太平発,東証1部,84.00,84.00,83.00,83.00,89000,7465000
8836-J,RISE,JQ,4.00,5.00,4.00,4.00,1137000,4555000
8838-T,有楽地,東証1部,252.00,254.00,247.00,247.00,62000,15553000
8840-T,大京,東証1部,162.00,167.00,161.00,161.00,1664000,272941000
8841-T,テーオーシー,東証1部,402.00,402.00,392.00,394.00,101400,40208800
8842-T,楽天地,東証1部,391.00,393.00,391.00,391.00,5000,1957000
8844-J,コスモスイニシア,JQ,48.00,52.00,48.00,49.00,329000,16383000
8848-T,レオパレス21,東証1部,898.00,917.00,889.00,903.00,406000,366739700
8850-J,スターツ,JQ,383.00,390.00,383.00,390.00,28000,10745000
8851-O,アーバンライフ,大証2部,102.00,102.00,102.00,102.00,1000,102000
8854-O,日住サ,大証2部,179.00,179.00,179.00,179.00,1000,179000
8860-T,フジ住,東証1部,259.00,259.00,256.00,259.00,1000,258300
8860-O,フジ住,大証1部,264.00,264.00,255.00,256.00,13800,3577700
8864-T,空港施設,東証1部,513.00,514.00,510.00,513.00,10100,5172600
8866-J,コマーシャルRE,JQ,295.00,300.00,295.00,300.00,600,178500
8869-T,明和地所,東証1部,561.00,570.00,557.00,560.00,13500,7566900
8870-T,住不販売,東証1部,4660.00,4750.00,4600.00,4620.00,29450,137431500
8871-T,ゴールドクレ,東証1部,2395.00,2445.00,2365.00,2400.00,55400,133415350
8872-J,エイブル,JQ,1010.00,1020.00,1009.00,1015.00,5000,5054900
8875-T,東栄住宅,東証1部,696.00,699.00,659.00,684.00,258500,177260800
8876-J,リロHLD,JQ,1163.00,1194.00,1157.00,1165.00,43200,50587900
8877-T,エスリード,東証1部,980.00,980.00,929.00,931.00,121000,115891100
8877-O,エスリード,大証1部,,,,,0,0
8879-T,東急リバ,東証1部,1030.00,1048.00,1018.00,1020.00,115000,118366000
8880-T,飯田産業,東証1部,1295.00,1389.00,1253.00,1308.00,348400,462667100
8881-T,日神不動,東証1部,423.00,423.00,412.00,412.00,50000,20857800
8885-H,ラ･アトレ,HCグロース,,,,,0,0
8886-J,ウッドフレンス,JQ,,,,,0,0
8887-J,リベレステ,JQ,80000.00,80500.00,79700.00,79700.00,50,4008000
8889-H,アパマンショ,HCスタンダード,4900.00,4950.00,4850.00,4860.00,1729,8463100
8890-J,レーサム,JQ,23030.00,23950.00,23010.00,23100.00,1485,34615350
8891-T,エムジーホーム,東証2部,89100.00,89100.00,88100.00,88100.00,10,885900
8892-J,日本エスコン,JQ,4700.00,5000.00,4640.00,5000.00,14101,68965080
8893-J,新日建物,JQ,82.00,83.00,81.00,82.00,51000,4176600
8894-O,原弘産,大証2部,124.00,124.00,119.00,120.00,55100,6674600
8895-T,アーネストワン,東証1部,431.00,458.00,425.00,435.00,536400,238168400
8897-T,タカラレーベン,東証1部,207.00,207.00,197.00,205.00,63300,12879100
8898-J,センチュリー21,JQ,300000.00,300000.00,300000.00,300000.00,1,300000
8900-J,セイクレスト,JQ,578.00,595.00,573.00,581.00,16659,9729895
8903-J,サンウッド,JQ,86000.00,88600.00,86000.00,86000.00,12,1041700
8904-T,サンヨーナゴヤ,東証1部,98400.00,98400.00,96600.00,96700.00,33,3234700
8905-T,イオンモール,東証1部,1908.00,1965.00,1900.00,1912.00,189700,366173000
8907-T,フージャース,東証1部,6980.00,7080.00,6580.00,7080.00,16865,116856750
8908-J,毎コムネット,JQ,353.00,353.00,350.00,350.00,600,210500
8909-J,シノケンG,JQ,14040.00,14040.00,14040.00,14040.00,2,28080
8910-T,サンシティ,東証1部,2750.00,2750.00,2650.00,2670.00,3708,9983515
8912-T,エリアクエスト,東証マザーズ,2500.00,2500.00,2430.00,2435.00,232,571620
8913-T,ゼクス,東証1部,880.00,896.00,875.00,880.00,30169,26674595
8914-T,エリアリンク,東証マザーズ,5750.00,6290.00,5750.00,6170.00,5927,35638820
8915-T,タクトホーム,東証1部,42500.00,44500.00,42450.00,43000.00,427,18414550
8917-O,ファースト住,大証2部,495.00,499.00,490.00,499.00,7700,3814100
8918-T,ランド,東証1部,111.00,113.00,104.00,105.00,192000,20615800
8920-J,東祥,JQ,604.00,620.00,590.00,620.00,4800,2945400
8922-T,IDU,東証マザーズ,16300.00,16850.00,16050.00,16100.00,535,8825380
8923-T,トーセイ,東証2部,41000.00,42200.00,40900.00,41200.00,922,38193050
8924-T,リサパートナー,東証1部,85900.00,87700.00,83900.00,84100.00,2438,209124000
8925-T,アルデプロ,東証マザーズ,1135.00,1150.00,1110.00,1134.00,10824,12251656
8927-J,明豊エンター,JQ,114.00,115.00,113.00,113.00,6900,788700
8928-O,穴吹興産,大証1部,196.00,203.00,196.00,203.00,2000,399000
8929-T,船井財産,東証マザーズ,41950.00,43000.00,41700.00,42400.00,73,3095850
8931-J,和田興産,JQ,319.00,320.00,314.00,316.00,4800,1521600
8933-T,NTT都市,東証1部,98800.00,100600.00,97800.00,98800.00,4217,419192500
8934-T,サンフロンティア,東証1部,27800.00,27800.00,27000.00,27270.00,633,17275590
8935-T,FJネクスト,東証2部,393.00,394.00,388.00,390.00,10100,3937200
8938-H,ロジコム,HCグロース,79300.00,79300.00,79300.00,79300.00,2,158600
8939-T,大和システム,東証1部,221.00,227.00,219.00,220.00,19100,4215400
8940-T,インテリックス,東証2部,37600.00,40400.00,37600.00,39600.00,52,2031700
8944-T,ランビジネス,東証1部,32150.00,32150.00,31600.00,31650.00,274,8725450
8945-T,社宅S,東証マザーズ,66500.00,68300.00,66500.00,68100.00,16,1080200
8946-J,陽光都市,JQ,17900.00,17900.00,16000.00,16000.00,64,1054900
8951-T,日本ビルF,東証,861000.00,868000.00,852000.00,854000.00,676,582218000
8952-T,JRE,東証,806000.00,818000.00,803000.00,805000.00,455,368103000
8953-T,日本リテール,東証,485000.00,492000.00,483000.00,484000.00,308,149691000
8954-T,オリックスJRE,東証,466000.00,472000.00,459000.00,462000.00,312,144997000
8955-T,日本プラR,東証,207600.00,209500.00,205000.00,205000.00,329,68114800
8956-T,プレミア投,東証,351000.00,353000.00,345000.00,352000.00,124,43464000
8957-T,東急RE,東証,538000.00,544000.00,536000.00,538000.00,117,63052000
8958-T,グロバルRE,東証,705000.00,716000.00,705000.00,705000.00,81,57411000
8959-T,野村オフィス,東証,650000.00,655000.00,642000.00,645000.00,235,152483000
8960-T,ユナイテッドU,東証,431000.00,438000.00,428000.00,438000.00,447,193881000
8961-T,森トラストRE,東証,702000.00,710000.00,701000.00,707000.00,104,73448000
8962-T,日本レジ,東証,249100.00,253100.00,236000.00,249400.00,553,136817100
8963-T,東京Gリート,東証,128000.00,128000.00,125000.00,125000.00,224,28441300
8964-T,フロンティアRE,東証,602000.00,602000.00,598000.00,598000.00,57,34217000
8966-T,クレッシェンド,東証,161900.00,162900.00,160000.00,160600.00,324,52282100
8967-T,日本ロジ,東証,637000.00,637000.00,630000.00,632000.00,74,46881000
8968-T,福岡リート,東証,455000.00,460000.00,454000.00,456000.00,41,18739000
8968-F,福岡リート,福証,,,,,0,0
8969-T,プロリート,東証,146000.00,146300.00,143300.00,144000.00,329,47764000
8970-T,Jシングル,東証,133000.00,133000.00,128000.00,128700.00,217,28271100
8972-T,ケネディクスR,東証,330000.00,340000.00,329000.00,339000.00,363,121261000
8973-T,ジョイントR,東証,215000.00,217500.00,210200.00,211100.00,154,32978400
8974-T,ラサールJ,東証,140000.00,140500.00,136000.00,136000.00,150,20850200
8975-T,FCR,東証,211000.00,211000.00,209000.00,209000.00,2,420000
8976-T,DAオフィス,東証,277100.00,279900.00,275900.00,278000.00,305,84527800
8977-T,阪急リート,東証,445000.00,449000.00,441000.00,444000.00,72,32052000
8978-T,ADR,東証,334000.00,335000.00,333000.00,333000.00,38,12680000
8979-J,スターツPR,JQ,99500.00,99800.00,98000.00,98100.00,79,7825500
8980-T,LCP,東証,106000.00,107000.00,103100.00,103100.00,65,6823900
8981-T,JHR,東証,159000.00,163000.00,157500.00,159600.00,1629,260605000
8982-T,TOPリート,東証,377000.00,379000.00,371000.00,377000.00,103,38476000
8983-T,Jオフィス,東証,100000.00,100600.00,98500.00,98500.00,164,16355700
8984-T,BLI,東証,263000.00,263000.00,260300.00,260300.00,16,4178200
8985-T,NHF,東証,162400.00,162400.00,159300.00,159300.00,32,5139200
8986-T,日賃貸,東証,117400.00,117400.00,113500.00,113500.00,26,2986700
8987-T,Jエクセレント,東証,426000.00,426000.00,418000.00,418000.00,110,46414000
8992-T,日本レップ,東証マザーズ,39900.00,41400.00,39500.00,41400.00,88,3569550
8993-T,アトリウム,東証2部,140.00,142.00,136.00,137.00,121300,16862900
8995-O,誠建設,大証2部,,,,,0,0
8996-F,ハウスフリダム,福証Q-Board,13100.00,13500.00,13000.00,13500.00,13,170500
8997-J,NPC,JQ,49800.00,51000.00,49800.00,50900.00,15,754650
8998-T,SBIライフ,東証マザーズ,64000.00,64000.00,64000.00,64000.00,2,128000
8999-T,グランディ,東証2部,44600.00,44600.00,43500.00,43500.00,214,9509700
9001-T,東武,東証1部,556.00,560.00,552.00,558.00,650000,361914000
9003-T,相鉄,東証1部,394.00,395.00,394.00,394.00,105000,41371000
9005-T,東急,東証1部,470.00,473.00,469.00,470.00,817000,384716000
9006-T,京急,東証1部,739.00,750.00,733.00,745.00,217000,161352000
9007-T,小田急,東証1部,810.00,818.00,806.00,812.00,285000,231243000
9008-T,京王,東証1部,556.00,559.00,556.00,558.00,310000,172733000
9009-T,京成,東証1部,560.00,571.00,559.00,564.00,317000,179271000
9010-T,富士急,東証1部,417.00,417.00,416.00,416.00,7000,2917000
9012-J,秩父鉄,JQ,197.00,197.00,197.00,197.00,1000,197000
9014-T,新京成,東証1部,343.00,345.00,340.00,340.00,19000,6514000
9017-T,新潟交,東証2部,194.00,194.00,194.00,194.00,2000,388000
9020-T,JR東日本,東証1部,5900.00,5930.00,5880.00,5910.00,452700,2669984000
9020-O,JR東日本,大証1部,,,,,0,0
9021-T,JR西日本,東証1部,317000.00,320000.00,317000.00,319000.00,2659,845909000
9021-O,JR西日本,大証1部,,,,,0,0
9021-F,JR西日本,福証,,,,,0,0
9022-T,JR東海,東証1部,590000.00,594000.00,587000.00,590000.00,2690,1586580000
9022-O,JR東海,大証1部,,,,,0,0
9027-S,ロジネットJ,札証,,,,,0,0
9028-T,ゼロ,東証2部,210.00,210.00,210.00,210.00,1400,294000
9029-J,ヒガシ21,JQ,400.00,400.00,400.00,400.00,16800,6720000
9030-T,アート,東証1部,1352.00,1355.00,1350.00,1352.00,3100,4191300
9030-O,アート,大証1部,,,,,0,0
9031-T,西鉄,東証1部,354.00,355.00,354.00,354.00,58000,20538000
9031-F,西鉄,福証,,,,,0,0
9033-T,広電鉄,東証2部,,,,,0,0
9034-J,南総通運,JQ,486.00,486.00,485.00,485.00,5000,2426000
9035-F,第一交通,福証,,,,,0,0
9036-J,東部ネット,JQ,580.00,588.00,580.00,588.00,4700,2740700
9037-T,ハマキョウ,東証1部,2275.00,2275.00,2200.00,2245.00,4600,10338500
9039-T,サカイ引越,東証1部,2185.00,2200.00,2180.00,2200.00,600,1312000
9039-O,サカイ引越,大証1部,2190.00,2200.00,2190.00,2200.00,1900,4167500
9041-T,近鉄,東証1部,421.00,426.00,421.00,423.00,957000,404472000
9041-O,近鉄,大証1部,,,,,0,0
9042-T,阪急阪神,東証1部,444.00,446.00,442.00,442.00,390000,173083000
9042-O,阪急阪神,大証1部,,,,,0,0
9044-T,南海電,東証1部,411.00,413.00,410.00,410.00,22000,9038000
9044-O,南海電,大証1部,411.00,415.00,410.00,410.00,114000,46929000
9045-T,京阪電,東証1部,407.00,409.00,406.00,406.00,13000,5300000
9045-O,京阪電,大証1部,407.00,410.00,405.00,406.00,94000,38283000
9046-O,神電鉄,大証1部,393.00,393.00,393.00,393.00,1000,393000
9047-T,名糖運輸,東証1部,795.00,795.00,788.00,789.00,400,316700
9048-T,名鉄,東証1部,304.00,306.00,304.00,305.00,127000,38681000
9049-O,京福電,大証2部,,,,,0,0
9051-J,センコン物流,JQ,,,,,0,0
9052-O,山陽電,大証1部,299.00,300.00,299.00,300.00,2000,599000
9053-J,中央運輸,JQ,725.00,725.00,721.00,721.00,2000,1443500
9055-T,アルプス物,東証2部,792.00,792.00,786.00,790.00,900,711400
9056-T,ヒューテック,東証2部,818.00,818.00,802.00,804.00,4000,3231400
9057-J,遠州トラック,JQ,,,,,0,0
9058-T,トランコム,東証2部,1339.00,1389.00,1339.00,1373.00,10400,14194500
9059-T,カンダ,東証2部,,,,,0,0
9060-J,日ロジテム,JQ,303.00,303.00,298.00,298.00,2000,601000
9061-T,富士物,東証2部,216.00,216.00,216.00,216.00,1000,216000
9062-T,日通,東証1部,404.00,405.00,398.00,398.00,1398000,561470000
9062-O,日通,大証1部,,,,,0,0
9063-T,岡県運,東証2部,115.00,115.00,115.00,115.00,1000,115000
9064-T,ヤマトHD,東証1部,1275.00,1278.00,1257.00,1270.00,897000,1137793000
9065-T,山九,東証1部,386.00,397.00,385.00,397.00,982000,383727000
9065-F,山九,福証,,,,,0,0
9066-T,日新,東証1部,208.00,210.00,208.00,210.00,14000,2921000
9066-O,日新,大証1部,,,,,0,0
9067-T,丸運,東証1部,267.00,267.00,263.00,263.00,1700,451500
9068-T,丸全運,東証1部,274.00,274.00,270.00,274.00,22000,6007000
9069-T,センコー,東証1部,340.00,340.00,337.00,340.00,30000,10178000
9069-O,センコー,大証1部,,,,,0,0
9070-T,トナミHD,東証1部,254.00,254.00,250.00,252.00,34000,8582000
9070-O,トナミHD,大証1部,,,,,0,0
9072-T,日梱包,東証1部,1025.00,1040.00,1022.00,1029.00,21000,21585000
9073-J,京極運,JQ,,,,,0,0
9074-T,日石輸,東証1部,189.00,189.00,186.00,186.00,18000,3398000
9075-T,福山運,東証1部,423.00,424.00,412.00,417.00,230000,96081000
9075-O,福山運,大証1部,,,,,0,0
9076-T,セイノーHD,東証1部,776.00,780.00,750.00,752.00,296000,226241000
9081-T,神奈交,東証1部,511.00,511.00,510.00,510.00,4000,2041000
9082-T,大和自,東証2部,218.00,218.00,217.00,217.00,2000,435000
9083-O,神姫バス,大証2部,,,,,0,0
9085-S,中央バス,札証,,,,,0,0
9086-T,日立物,東証1部,1069.00,1070.00,1054.00,1055.00,202300,215333200
9087-J,タカセ,JQ,,,,,0,0
9101-T,郵船,東証1部,403.00,404.00,393.00,393.00,5551000,2214690000
9101-O,郵船,大証1部,402.00,402.00,402.00,402.00,1000,402000
9104-T,商船三井,東証1部,585.00,586.00,570.00,572.00,8460000,4891552000
9104-O,商船三井,大証1部,,,,,0,0
9104-F,商船三井,福証,,,,,0,0
9107-T,川崎船,東証1部,374.00,376.00,366.00,367.00,2030000,752321000
9107-O,川崎船,大証1部,371.00,371.00,371.00,371.00,3000,1113000
9107-F,川崎船,福証,,,,,0,0
9110-T,新和海,東証1部,276.00,278.00,273.00,273.00,298000,82001000
9110-O,新和海,大証1部,,,,,0,0
9110-F,新和海,福証,,,,,0,0
9113-T,乾汽船,東証1部,685.00,687.00,680.00,681.00,76000,51904300
9113-O,乾汽船,大証1部,,,,,0,0
9115-T,明治海,東証1部,549.00,549.00,532.00,535.00,9500,5116000
9115-O,明治海,大証1部,,,,,0,0
9119-T,飯野海,東証1部,535.00,538.00,525.00,527.00,118800,63215100
9119-O,飯野海,大証1部,,,,,0,0
9119-S,飯野海,札証,,,,,0,0
9119-F,飯野海,福証,,,,,0,0
9123-T,太平海,東証1部,107.00,108.00,106.00,106.00,69000,7378000
9127-O,玉井船,大証2部,169.00,170.00,169.00,169.00,26000,4396000
9130-T,共栄タ,東証1部,301.00,301.00,279.00,284.00,75000,21662000
9132-T,第一船,東証1部,263.00,264.00,259.00,259.00,1064000,278373000
9132-O,第一船,大証1部,,,,,0,0
9133-J,東栄リファ,JQ,347.00,347.00,347.00,347.00,1000,347000
9152-T,関西船,東証2部,62.00,62.00,61.00,61.00,6200,381300
9152-O,関西船,大証2部,60.00,60.00,60.00,60.00,200,12000
9171-T,栗林船,東証2部,195.00,195.00,195.00,195.00,1000,195000
9173-T,東海船,東証2部,,,,,0,0
9174-T,ワンダテブル,東証2部,98.00,98.00,97.00,97.00,4000,391000
9176-J,佐渡汽,JQ,,,,,0,0
9179-T,川崎近海,東証2部,277.00,279.00,272.00,272.00,7000,1923000
9180-J,新和内航,JQ,235.00,240.00,235.00,240.00,8000,1885000
9193-T,東汽船,東証2部,475.00,475.00,470.00,475.00,3000,1420000
9202-T,ANA,東証1部,313.00,314.00,308.00,308.00,6852000,2133505000
9202-O,ANA,大証1部,,,,,0,0
9204-T,スカイマーク,東証マザーズ,135.00,136.00,134.00,135.00,8100,1091900
9205-T,JAL,東証1部,184.00,184.00,182.00,182.00,1281000,234058000
9205-O,JAL,大証1部,,,,,0,0
9232-T,パスコ,東証1部,180.00,181.00,180.00,181.00,19000,3428000
9233-T,アジア航,東証2部,,,,,0,0
9234-T,国際航HD,東証1部,272.00,279.00,272.00,278.00,15000,4128000
9301-T,三菱倉,東証1部,1015.00,1020.00,993.00,997.00,225000,225708000
9301-O,三菱倉,大証1部,,,,,0,0
9302-T,三井倉,東証1部,371.00,371.00,367.00,369.00,81000,29884000
9302-O,三井倉,大証1部,,,,,0,0
9303-T,住友倉,東証1部,418.00,421.00,413.00,413.00,84000,35045000
9303-O,住友倉,大証1部,,,,,0,0
9304-T,渋沢倉,東証1部,370.00,370.00,368.00,370.00,32000,11829000
9305-T,ヤマタネ,東証1部,132.00,133.00,130.00,130.00,137000,17972000
9306-T,東陽倉,東証1部,200.00,202.00,197.00,197.00,8000,1595000
9307-O,杉村倉,大証2部,,,,,0,0
9308-T,イヌイ倉庫,東証2部,640.00,640.00,640.00,640.00,100,64000
9310-T,トランシィ,東証1部,260.00,260.00,255.00,258.00,21000,5417000
9311-T,アサガミ,東証2部,364.00,364.00,361.00,361.00,2000,725000
9312-T,ケイヒン,東証1部,130.00,130.00,129.00,130.00,51000,6624000
9313-T,丸八倉,東証2部,,,,,0,0
9314-J,品川倉,JQ,179.00,179.00,179.00,179.00,1000,179000
9317-O,オーナミ,大証2部,,,,,0,0
9318-T,J･ブリッジ,東証2部,31.00,31.00,29.00,30.00,399700,12031900
9319-O,中央倉,大証2部,,,,,0,0
9320-T,三和倉,東証2部,,,,,0,0
9321-T,Iロジステクス,東証2部,265.00,266.00,265.00,266.00,3000,796000
9322-O,川西倉庫,大証2部,,,,,0,0
9324-T,安田倉庫,東証1部,689.00,695.00,689.00,692.00,9900,6870400
9351-T,洋埠頭,東証1部,162.00,162.00,161.00,161.00,21000,3391000
9353-O,桜島埠,大証2部,,,,,0,0
9355-T,リンコー,東証2部,,,,,0,0
9358-T,宇徳,東証1部,312.00,312.00,307.00,309.00,28300,8761400
9360-T,鈴与シンワ,東証2部,,,,,0,0
9361-T,伏木運,東証2部,,,,,0,0
9362-O,兵機海,大証2部,172.00,172.00,172.00,172.00,7000,1204000
9363-O,大運,大証2部,47.00,61.00,47.00,48.00,2522000,135361000
9364-T,上組,東証1部,787.00,788.00,763.00,765.00,501000,388529000
9364-O,上組,大証1部,,,,,0,0
9365-O,トレーディア,大証2部,194.00,194.00,194.00,194.00,1000,194000
9366-T,サンリツ,東証1部,712.00,713.00,707.00,710.00,1000,710400
9367-J,大東港,JQ,200.00,200.00,200.00,200.00,1000,200000
9368-T,キムラユニティー,東証1部,753.00,753.00,751.00,751.00,1500,1128400
9369-T,キユソー流通,東証1部,905.00,909.00,905.00,905.00,5500,4979900
9370-T,郵船航空,東証1部,1212.00,1218.00,1186.00,1202.00,24400,29448400
9373-T,ニッコウトラベ,東証2部,204.00,204.00,204.00,204.00,100,20400
9375-T,近鉄エクス,東証1部,2305.00,2345.00,2295.00,2325.00,39700,92068500
9376-J,ユーラシア,JQ,,,,,0,0
9377-J,エージーピー,JQ,,,,,0,0
9378-H,ワールドロジ,HCスタンダード,12200.00,12350.00,12200.00,12350.00,37,454700
9379-J,三洋ロジ,JQ,798.00,798.00,798.00,798.00,100,79800
9380-T,東海運,東証1部,249.00,249.00,244.00,244.00,2500,614200
9381-T,AIT,東証マザーズ,140300.00,143000.00,140300.00,141000.00,50,7038700
9382-T,バンテック,東証1部,87900.00,88200.00,87900.00,87900.00,15,1320000
9384-T,内外トランス,東証2部,1301.00,1307.00,1294.00,1294.00,2000,2603300
9385-H,ショーエイコーホ,HCグロース,175.00,222.00,175.00,222.00,66200,13799900
9399-T,新華FL,東証マザーズ外国,2025.00,2040.00,1970.00,2010.00,2647,5298559
9401-T,TBSHD,東証1部,1510.00,1559.00,1507.00,1538.00,265900,407184300
9404-T,日テレ,東証1部,11220.00,11450.00,11220.00,11300.00,10220,115931900
9405-O,朝日放,大証2部,7410.00,7410.00,7370.00,7380.00,290,2141500
9407-F,RKB,福証,,,,,0,0
9408-J,新潟放,JQ,431.00,431.00,431.00,431.00,300,129300
9409-T,テレビ朝日,東証1部,140300.00,143400.00,140300.00,142000.00,381,54155900
9411-T,テレビ東京,東証1部,2840.00,2865.00,2840.00,2845.00,5200,14809500
9412-T,スカパーJ,東証1部,35800.00,36200.00,35550.00,36000.00,2175,78262200
9421-J,ネプロ,JQ,42950.00,42950.00,42300.00,42300.00,2,85250
9422-T,ITCN,東証1部,185300.00,187900.00,183800.00,183900.00,60,11112000
9423-J,フォーバルRS,JQ,10470.00,10470.00,9810.00,10260.00,381,3892800
9424-H,日本通信,HCグロース,18760.00,19000.00,18560.00,18630.00,2008,37593280
9425-J,日本テレホン,JQ,36000.00,36000.00,36000.00,36000.00,1,36000
9427-T,イー･アクセス,東証1部,78000.00,79400.00,76600.00,78600.00,1666,130797500
9430-T,NECモバイリ,東証1部,1944.00,1950.00,1917.00,1941.00,4600,8916000
9432-T,NTT,東証1部,3810.00,3890.00,3790.00,3880.00,1323300,5097054000
9432-O,NTT,大証1部,,,,,0,0
9432-S,NTT,札証,,,,,0,0
9432-F,NTT,福証,,,,,0,0
9433-T,KDDI,東証1部,509000.00,517000.00,507000.00,511000.00,6708,3440938000
9435-T,光通信,東証1部,2170.00,2175.00,2135.00,2135.00,41700,90042500
9436-J,沖縄セルラー,JQ,168800.00,170900.00,168300.00,170200.00,108,18325000
9437-T,NTTドコモ,東証1部,138100.00,140300.00,138000.00,139900.00,34555,4819465600
9438-J,エムティーアイ,JQ,216500.00,219000.00,212900.00,216400.00,440,95430200
9439-J,ビーアイジー,JQ,9000.00,9000.00,8910.00,8990.00,11,98710
9441-J,ベルパーク,JQ,98000.00,99500.00,98000.00,99000.00,136,13409600
9444-H,トーシン,HCスタンダード,3500.00,3520.00,3500.00,3510.00,169,591920
9445-T,フォーバルTL,東証マザーズ,20200.00,20220.00,20010.00,20010.00,34,686750
9446-J,エスケーアイ,JQ,60500.00,61500.00,60500.00,60500.00,9,545600
9448-T,インボイス,東証1部,1848.00,1848.00,1777.00,1782.00,44829,80767075
9449-T,GMO,東証1部,416.00,420.00,412.00,419.00,140800,58726700
9470-T,学研,東証1部,181.00,182.00,179.00,181.00,39000,7050000
9474-T,ゼンリン,東証1部,1394.00,1417.00,1390.00,1410.00,12200,17146400
9474-F,ゼンリン,福証,,,,,0,0
9475-T,昭文社,東証1部,667.00,667.00,655.00,655.00,3200,2114800
9476-J,中央経済,JQ,355.00,355.00,350.00,350.00,3500,1227500
9477-T,角川GHD,東証1部,2110.00,2130.00,2105.00,2110.00,4200,8890500
9478-J,SEH&I,JQ,13000.00,13000.00,12760.00,12760.00,34,439380
9479-T,インプレス,東証1部,212.00,216.00,212.00,215.00,31400,6712500
9481-T,テレフォニカ,東証1部外国,,,,,0,0
9496-T,ドイツテレコム,東証1部外国,1112.00,1112.00,1110.00,1110.00,550,611200
9501-T,東電,東証1部,2430.00,2465.00,2425.00,2460.00,1155400,2828541500
9501-O,東電,大証1部,,,,,0,0
9502-T,中部電,東証1部,2225.00,2265.00,2215.00,2260.00,658900,1481279500
9502-O,中部電,大証1部,2230.00,2230.00,2230.00,2230.00,800,1784000
9503-T,関西電,東証1部,2090.00,2120.00,2085.00,2115.00,687000,1444756000
9503-O,関西電,大証1部,,,,,0,0
9504-T,中国電,東証1部,1976.00,2000.00,1974.00,1994.00,106900,212545600
9504-O,中国電,大証1部,,,,,0,0
9505-T,北陸電,東証1部,2165.00,2190.00,2160.00,2190.00,109500,238199000
9505-O,北陸電,大証1部,,,,,0,0
9506-T,東北電,東証1部,1980.00,1994.00,1975.00,1990.00,264400,524819100
9506-O,東北電,大証1部,,,,,0,0
9507-T,四国電,東証1部,2840.00,2890.00,2835.00,2885.00,128800,369694000
9507-O,四国電,大証1部,,,,,0,0
9508-T,九州電,東証1部,2035.00,2070.00,2035.00,2065.00,307500,631995500
9508-O,九州電,大証1部,,,,,0,0
9508-F,九州電,福証,,,,,0,0
9509-T,北海電,東証1部,1798.00,1815.00,1797.00,1815.00,95800,172856900
9509-O,北海電,大証1部,,,,,0,0
9509-S,北海電,札証,,,,,0,0
9511-T,沖縄電,東証1部,5000.00,5130.00,5000.00,5060.00,17000,86198000
9511-F,沖縄電,福証,,,,,0,0
9513-T,Jパワー,東証1部,2730.00,2785.00,2720.00,2770.00,411100,1135402500
9514-T,ファーストエスコ,東証マザーズ,16990.00,17000.00,16400.00,16700.00,78,1313770
9531-T,東ガス,東証1部,349.00,354.00,348.00,352.00,7220000,2540296000
9531-O,東ガス,大証1部,,,,,0,0
9532-T,大ガス,東証1部,309.00,316.00,309.00,316.00,3452000,1081992000
9532-O,大ガス,大証1部,,,,,0,0
9533-T,邦ガス,東証1部,391.00,394.00,391.00,393.00,288000,112955000
9533-O,邦ガス,大証1部,,,,,0,0
9534-T,北ガス,東証1部,244.00,245.00,244.00,245.00,6000,1468000
9534-S,北ガス,札証,,,,,0,0
9535-T,広島ガス,東証2部,,,,,0,0
9536-T,西ガス,東証1部,246.00,246.00,244.00,245.00,65000,15948000
9536-O,西ガス,大証1部,,,,,0,0
9536-F,西ガス,福証,,,,,0,0
9537-T,北陸ガス,東証2部,278.00,287.00,278.00,287.00,2000,565000
9539-T,葉ガス,東証2部,,,,,0,0
9541-T,大多喜ガ,東証2部,549.00,549.00,549.00,549.00,1000,549000
9542-T,新日ガス,東証2部,267.00,267.00,267.00,267.00,100,26700
9543-T,静ガス,東証1部,534.00,550.00,534.00,545.00,181000,98226000
9544-T,東日ガス,東証2部,,,,,0,0
9600-T,アイネット,東証1部,532.00,532.00,528.00,528.00,7500,3987800
9601-T,松竹,東証1部,758.00,765.00,757.00,760.00,36000,27384000
9601-O,松竹,大証1部,,,,,0,0
9601-S,松竹,札証,,,,,0,0
9601-F,松竹,福証,,,,,0,0
9602-T,東宝,東証1部,1599.00,1629.00,1588.00,1600.00,453900,730785000
9602-O,東宝,大証1部,,,,,0,0
9602-F,東宝,福証,,,,,0,0
9603-T,エイチ･アイエス,東証1部,2000.00,2000.00,1973.00,1979.00,45800,91034000
9604-J,際放映,JQ,,,,,0,0
9605-T,東映,東証1部,489.00,491.00,481.00,481.00,52000,25307000
9605-O,東映,大証1部,,,,,0,0
9607-T,葵プロ,東証1部,,,,,0,0
9608-J,福山コンサル,JQ,,,,,0,0
9609-T,ベンチャーリン,東証1部,23.00,23.00,22.00,22.00,78100,1765600
9610-J,ウィルソンWLW,JQ,305.00,315.00,305.00,311.00,1000,307900
9611-J,Dワンダー,JQ,65.00,65.00,60.00,62.00,173700,10736700
9612-T,ラックランド,東証2部,270.00,270.00,261.00,262.00,7400,1969500
9613-T,NTTデータ,東証1部,304000.00,309000.00,303000.00,307000.00,2482,759934000
9615-T,東京美装,東証2部,,,,,0,0
9616-T,共立メンテ,東証1部,1590.00,1601.00,1582.00,1590.00,6600,10500700
9619-T,イチネンHD,東証1部,435.00,441.00,433.00,433.00,5800,2531100
9619-O,イチネンHD,大証1部,,,,,0,0
9621-T,建設技研,東証1部,565.00,567.00,556.00,556.00,5700,3209700
9622-T,スペース,東証2部,639.00,639.00,631.00,631.00,4700,2979000
9623-T,キヤノンソフト,東証2部,518.00,518.00,518.00,518.00,300,155400
9624-T,長大,東証2部,275.00,275.00,275.00,275.00,500,137500
9625-J,セレスポ,JQ,158.00,158.00,158.00,158.00,1000,158000
9627-T,アインファーマシ,東証2部,1903.00,1960.00,1903.00,1925.00,9200,17721100
9628-T,燦HD,東証1部,1723.00,1723.00,1723.00,1723.00,300,516900
9628-O,燦HD,大証1部,1703.00,1718.00,1703.00,1707.00,800,1365900
9629-T,ピーシーエー,東証2部,940.00,940.00,940.00,940.00,3000,2820000
9630-T,アップ,東証2部,566.00,566.00,566.00,566.00,3300,1867800
9631-T,東急レク,東証2部,530.00,530.00,526.00,526.00,2000,1056000
9632-T,スバル興,東証1部,298.00,298.00,295.00,295.00,5000,1481000
9632-O,スバル興,大証1部,,,,,0,0
9633-T,テアトル,東証1部,189.00,190.00,188.00,189.00,24000,4535000
9635-T,武蔵野,東証2部,,,,,0,0
9636-O,きんえい,大証2部,315.00,315.00,306.00,306.00,6000,1866000
9637-O,OS映,大証2部,509.00,512.00,509.00,512.00,3000,1530000
9638-J,情報技,JQ,926.00,930.00,920.00,930.00,2500,2306600
9639-J,三協フロン,JQ,262.00,262.00,262.00,262.00,13000,3406000
9640-J,セゾン情,JQ,601.00,601.00,597.00,601.00,20600,12360400
9641-J,サコス,JQ,110.00,110.00,105.00,106.00,7600,822600
9644-J,タナベ経,JQ,525.00,527.00,525.00,526.00,8200,4307900
9647-J,協和コンサ,JQ,132.00,144.00,132.00,144.00,6000,814000
9648-O,ウエスコ,大証2部,146.00,149.00,146.00,147.00,36500,5371400
9651-J,日プロセス,JQ,606.00,606.00,606.00,606.00,100,60600
9652-T,日医療,東証2部,466.00,478.00,466.00,466.00,12400,5803300
9656-O,グリンランド,大証2部,316.00,316.00,316.00,316.00,100,31600
9656-F,グリンランド,福証,,,,,0,0
9657-J,コムテック,JQ,855.00,855.00,855.00,855.00,100,85500
9658-J,太田昭,JQ,425.00,426.00,425.00,426.00,400,170100
9661-T,歌舞伎,東証2部,3910.00,3910.00,3910.00,3910.00,1000,3910000
9663-J,ナガワ,JQ,641.00,641.00,632.00,634.00,1000,638600
9665-T,吉本興,東証1部,953.00,971.00,953.00,970.00,1800,1732800
9665-O,吉本興,大証1部,957.00,980.00,955.00,968.00,25100,24315400
9667-T,ホリプロ,東証1部,768.00,768.00,764.00,764.00,3300,2527000
9671-T,よみラント,東証1部,288.00,289.00,285.00,289.00,18000,5164000
9672-T,都競馬,東証1部,164.00,164.00,163.00,163.00,124000,20281000
9674-T,花月園,東証2部,76.00,76.00,74.00,74.00,15000,1119000
9675-T,常磐興,東証1部,149.00,150.00,149.00,149.00,23000,3431000
9678-T,カナモト,東証1部,482.00,482.00,482.00,482.00,4000,1928000
9678-S,カナモト,札証,,,,,0,0
9679-J,ホウライ,JQ,244.00,244.00,242.00,242.00,3000,730000
9680-T,共成レンテ,東証2部,402.00,402.00,402.00,402.00,1000,402000
9681-T,ドーム,東証1部,306.00,308.00,304.00,304.00,234000,71551000
9681-O,ドーム,大証1部,,,,,0,0
9682-T,DTS,東証1部,976.00,984.00,968.00,973.00,12300,11998800
9684-T,スクエニHD,東証1部,2365.00,2410.00,2355.00,2375.00,505200,1204922000
9685-J,共同HD,JQ,278.00,278.00,278.00,278.00,2000,556000
9686-O,東洋テック,大証2部,859.00,859.00,859.00,859.00,100,85900
9687-J,KSK,JQ,550.00,569.00,550.00,564.00,4800,2651400
9691-J,両毛シス,JQ,,,,,0,0
9692-T,シーイーシー,東証1部,701.00,704.00,699.00,699.00,4600,3225400
9694-T,日立ソフト,東証1部,1738.00,1739.00,1700.00,1706.00,118200,204218700
9695-J,鴨川ホテル,JQ,,,,,0,0
9696-J,ウィザス,JQ,209.00,209.00,209.00,209.00,300,62700
9697-T,カプコン,東証1部,1700.00,1723.00,1694.00,1714.00,189100,323655600
9697-O,カプコン,大証1部,,,,,0,0
9698-J,クレオ,JQ,171.00,171.00,170.00,170.00,2000,341000
9699-O,西尾レント,大証1部,872.00,880.00,858.00,860.00,13000,11297500
9701-T,東会舘,東証2部,349.00,349.00,349.00,349.00,2000,698000
9702-T,アイエスビー,東証2部,900.00,900.00,885.00,885.00,8000,7175800
9704-T,東海観,東証1部,39.00,40.00,39.00,39.00,25000,983000
9706-T,空港ビル,東証1部,1179.00,1190.00,1177.00,1179.00,34900,41262400
9707-J,メデカJ,JQ,71.00,77.00,70.00,73.00,2283000,165867000
9708-T,帝国ホテル,東証2部,2055.00,2055.00,2050.00,2050.00,300,616250
9709-O,日コンピュ,大証2部,268.00,274.00,268.00,270.00,14700,3941000
9713-O,ロイヤルホテル,大証2部,198.00,198.00,198.00,198.00,2000,396000
9715-T,トランスコスモ,東証1部,1167.00,1185.00,1127.00,1135.00,141000,164014700
9716-T,乃村工,東証1部,285.00,289.00,282.00,283.00,29000,8290000
9717-T,ジャステック,東証1部,505.00,505.00,500.00,503.00,7200,3623800
9719-T,住商情,東証1部,1522.00,1560.00,1497.00,1539.00,19700,30270800
9720-J,グランド,JQ,,,,,0,0
9722-T,藤田観,東証1部,406.00,407.00,403.00,406.00,30000,12155000
9722-O,藤田観,大証1部,,,,,0,0
9723-O,京都ホテル,大証2部,439.00,439.00,430.00,430.00,3000,1307000
9726-T,KNT,東証1部,106.00,106.00,105.00,105.00,66000,6973000
9726-O,KNT,大証1部,,,,,0,0
9728-T,日管財,東証1部,1411.00,1411.00,1395.00,1400.00,2800,3918100
9728-O,日管財,大証1部,,,,,0,0
9730-J,ワオ･コーポ,JQ,245.00,245.00,243.00,243.00,300,73100
9731-T,白洋舎,東証1部,255.00,255.00,255.00,255.00,1000,255000
9733-J,ナガセ,JQ,,,,,0,0
9734-J,精養軒,JQ,,,,,0,0
9735-T,セコム,東証1部,3970.00,3980.00,3910.00,3920.00,252400,994442000
9735-O,セコム,大証1部,,,,,0,0
9736-J,白青舎,JQ,,,,,0,0
9737-T,CSKHD,東証1部,460.00,463.00,444.00,445.00,2111400,954566200
9739-T,NSW,東証1部,368.00,368.00,367.00,367.00,600,220400
9740-T,CSP,東証1部,952.00,952.00,951.00,951.00,800,761500
9741-T,日立情,東証1部,2075.00,2075.00,2000.00,2050.00,55600,114368500
9742-T,アイネス,東証1部,652.00,661.00,648.00,652.00,39200,25563300
9743-T,丹青社,東証1部,251.00,256.00,251.00,255.00,5000,1268000
9744-T,メイテック,東証1部,1575.00,1585.00,1550.00,1556.00,37500,58657800
9746-T,TKC,東証1部,1820.00,1828.00,1820.00,1825.00,4000,7288600
9747-T,アサツーDK,東証1部,2130.00,2130.00,2070.00,2085.00,49300,102749000
9748-T,エヌジェーケ,東証2部,310.00,310.00,310.00,310.00,1000,310000
9749-T,富士ソフト,東証1部,1850.00,1850.00,1768.00,1768.00,84600,151916600
9750-T,ソラン,東証1部,559.00,566.00,551.00,551.00,18600,10348700
9753-J,IXナレッジ,JQ,159.00,159.00,155.00,155.00,3000,473000
9755-T,応用地,東証1部,1002.00,1007.00,995.00,995.00,5800,5803300
9756-J,ASK,JQ,128.00,128.00,128.00,128.00,12000,1536000
9757-T,船総研,東証1部,486.00,486.00,484.00,484.00,500,242800
9757-O,船総研,大証1部,488.00,494.00,488.00,493.00,17600,8660400
9758-J,ジシステム,JQ,,,,,0,0
9759-T,日システム,東証1部,961.00,971.00,958.00,960.00,30300,29201700
9760-T,進学会,東証1部,357.00,357.00,348.00,353.00,3400,1195500
9761-T,東海リース,東証2部,156.00,157.00,155.00,155.00,22000,3432000
9761-O,東海リース,大証2部,,,,,0,0
9763-T,丸紅リース,東証1部,,,,,0,0
9764-T,技研興,東証2部,97.00,97.00,97.00,97.00,4000,388000
9765-T,オオバ,東証2部,,,,,0,0
9766-T,コナミ,東証1部,1800.00,1826.00,1800.00,1810.00,156300,283350000
9767-T,日建工,東証2部,103.00,106.00,102.00,102.00,80000,8315000
9768-J,いであ,JQ,465.00,484.00,465.00,473.00,3100,1473000
9769-J,学究社,JQ,527.00,527.00,527.00,527.00,1000,527000
9776-J,札臨,JQ,,,,,0,0
9778-J,昴,JQ,,,,,0,0
9780-J,ビステム,JQ,,,,,0,0
9782-J,ディーエムエス,JQ,430.00,430.00,430.00,430.00,2000,860000
9783-T,ベネッセ,東証1部,3900.00,4020.00,3900.00,4020.00,14100,55964000
9783-O,ベネッセ,大証1部,3910.00,4010.00,3900.00,4000.00,289800,1150343000
9787-T,イオンディライ,東証1部,1640.00,1650.00,1615.00,1630.00,38000,62012100
9787-O,イオンディライ,大証1部,,,,,0,0
9788-T,ナック,東証1部,860.00,860.00,851.00,853.00,1700,1453800
9789-T,栄光,東証2部,365.00,368.00,365.00,368.00,2400,879000
9790-T,福井コン,東証1部,313.00,313.00,301.00,303.00,1300,400100
9791-T,ビケンテクノ,東証2部,425.00,426.00,421.00,421.00,3500,1480200
9791-O,ビケンテクノ,大証2部,,,,,0,0
9792-T,ニチイ学館,東証1部,1017.00,1048.00,1006.00,1011.00,130700,134127300
9793-T,ダイセキ,東証1部,2075.00,2090.00,2070.00,2085.00,39200,81669500
9794-J,カラカミ観光,JQ,,,,,0,0
9795-J,ステップ,JQ,457.00,465.00,457.00,465.00,8000,3687000
9797-T,大日本コン,東証2部,275.00,275.00,275.00,275.00,200,55000
9799-T,旭情報,東証2部,,,,,0,0
9810-T,日鉄商,東証2部,173.00,173.00,161.00,161.00,117000,19584000
9812-J,テーオー,JQ,,,,,0,0
9813-J,トッキ,JQ,510.00,512.00,500.00,511.00,21900,11072400
9814-T,アシックス商,東証2部,1017.00,1017.00,1017.00,1017.00,100,101700
9814-O,アシックス商,大証2部,,,,,0,0
9815-T,カテナ,東証2部,264.00,264.00,260.00,260.00,5900,1549300
9816-J,バーテックス,JQ,28.00,29.00,27.00,28.00,223000,6253000
9817-J,ゴトー,JQ,310.00,310.00,310.00,310.00,1000,310000
9818-T,大丸エナ,東証2部,615.00,615.00,586.00,599.00,2200,1329300
9818-O,大丸エナ,大証2部,,,,,0,0
9819-F,大栄,福証,,,,,0,0
9820-J,MTジェネック,JQ,160.00,161.00,157.00,157.00,35000,5586000
9822-J,クロニクル,JQ,4.00,5.00,4.00,5.00,65000,262000
9823-J,マミーマート,JQ,,,,,0,0
9824-T,泉州電,東証2部,914.00,914.00,907.00,907.00,1100,1000500
9824-O,泉州電,大証2部,,,,,0,0
9826-O,JEUGIA,大証2部,111.00,111.00,111.00,111.00,1000,111000
9827-J,リリカラ,JQ,,,,,0,0
9828-T,元気寿司,東証1部,1177.00,1190.00,1177.00,1179.00,6100,7187200
9829-J,ナガノ東,JQ,248.00,248.00,248.00,248.00,1000,248000
9830-T,Tナカヤマ,東証1部,1496.00,1500.00,1476.00,1480.00,41500,61574000
9830-O,Tナカヤマ,大証1部,,,,,0,0
9831-T,ヤマダ電,東証1部,5980.00,6040.00,5860.00,5870.00,377100,2233475600
9832-T,オートバクス,東証1部,3470.00,3470.00,3470.00,3470.00,700,2429000
9832-O,オートバクス,大証1部,3470.00,3490.00,3440.00,3450.00,35800,123812000
9833-O,エルクコーポ,大証2部,,,,,0,0
9835-T,ジュンテント,東証2部,,,,,0,0
9836-J,リーバイス,JQ,438.00,438.00,438.00,438.00,1000,438000
9837-O,モリト,大証2部,749.00,749.00,749.00,749.00,1000,749000
9838-J,トラベラー,JQ,110.00,110.00,110.00,110.00,1000,110000
9842-T,アークランド,東証1部,1145.00,1145.00,1100.00,1100.00,33400,37690600
9843-T,ニトリ,東証1部,6830.00,6940.00,6800.00,6920.00,86650,596828000
9843-S,ニトリ,札証,,,,,0,0
9844-T,ユーエスシー,東証1部,1076.00,1077.00,1065.00,1065.00,4400,4713900
9845-T,パーカー,東証2部,185.00,185.00,185.00,185.00,1000,185000
9846-T,天満屋ス,東証2部,846.00,846.00,835.00,835.00,4300,3630900
9846-O,天満屋ス,大証2部,,,,,0,0
9849-J,共同紙,JQ,,,,,0,0
9850-T,グルメ杵屋,東証1部,650.00,650.00,648.00,648.00,2000,1298000
9850-O,グルメ杵屋,大証1部,,,,,0,0
9852-J,中央物,JQ,276.00,276.00,276.00,276.00,1000,276000
9853-J,ルノアール,JQ,400.00,400.00,400.00,400.00,1000,400000
9854-T,愛眼,東証1部,541.00,542.00,540.00,540.00,4000,2162600
9854-O,愛眼,大証1部,,,,,0,0
9855-T,クロガネヤ,東証2部,326.00,326.00,325.00,325.00,1600,520700
9856-T,ケーユーHD,東証2部,379.00,380.00,375.00,375.00,8200,3099600
9857-O,英和,大証2部,,,,,0,0
9861-T,吉野家HD,東証1部,112200.00,112600.00,111900.00,111900.00,530,59448000
9864-O,ナカイ,大証2部,36.00,36.00,35.00,35.00,13000,463000
9865-T,日商エレク,東証1部,975.00,975.00,975.00,975.00,100,97500
9866-F,マルキョウ,福証,,,,,0,0
9867-J,ソレキア,JQ,,,,,0,0
9869-T,加藤産業,東証1部,1517.00,1545.00,1509.00,1526.00,15900,24301100
9869-O,加藤産業,大証1部,,,,,0,0
9870-O,ハナテン,大証2部,99.00,99.00,92.00,95.00,32000,3109100
9872-O,北恵,大証2部,252.00,252.00,252.00,252.00,1000,252000
9873-T,ケンタッキー,東証2部,1696.00,1696.00,1696.00,1696.00,2000,3392000
9874-F,丸和,福証,67.00,67.00,66.00,66.00,4000,265000
9876-J,コックス,JQ,,,,,0,0
9878-T,セキド,東証2部,104.00,104.00,101.00,101.00,13000,1336000
9880-T,イノテック,東証2部,440.00,442.00,422.00,422.00,29700,12903800
9882-T,イエローハット,東証1部,557.00,557.00,546.00,550.00,35700,19795100
9883-T,富士エレク,東証1部,858.00,859.00,852.00,852.00,1900,1622800
9884-T,都築電サ,東証2部,271.00,271.00,271.00,271.00,1400,379400
9885-O,シャルレ,大証2部,344.00,351.00,342.00,345.00,9600,3333800
9887-T,松屋フース,東証1部,1303.00,1307.00,1297.00,1299.00,4100,5335600
9888-J,UEX,JQ,400.00,400.00,371.00,372.00,12100,4683400
9889-T,JBCCHD,東証1部,692.00,709.00,692.00,704.00,22600,15816100
9890-J,マキヤ,JQ,,,,,0,0
9892-J,卑弥呼,JQ,880.00,880.00,880.00,880.00,200,176000
9895-J,コンセック,JQ,130.00,130.00,130.00,130.00,1000,130000
9896-T,JKHD,東証1部,457.00,463.00,457.00,461.00,2600,1197000
9897-T,ユニダックス,東証1部,392.00,392.00,387.00,392.00,7500,2931500
9898-J,サハダイヤ,JQ,10.00,10.00,9.00,10.00,293300,2908400
9899-T,サンデーサン,東証2部,579.00,579.00,560.00,560.00,1200,675800
9900-T,サガミチェン,東証1部,901.00,902.00,900.00,901.00,19000,17118000
9902-T,日伝,東証1部,2735.00,2735.00,2730.00,2730.00,400,1093000
9903-J,カンセキ,JQ,101.00,102.00,101.00,102.00,2000,203000
9904-T,ベリテ,東証2部,95.00,95.00,94.00,94.00,4000,377000
9905-J,コージツ,JQ,92.00,92.00,92.00,92.00,1000,92000
9906-J,藤井産,JQ,502.00,502.00,500.00,500.00,1100,550400
9907-J,大電社,JQ,,,,,0,0
9908-J,日電計,JQ,483.00,483.00,483.00,483.00,1100,531300
9909-J,愛光電,JQ,,,,,0,0
9913-J,日邦産,JQ,355.00,360.00,355.00,360.00,800,287000
9914-J,植松商,JQ,,,,,0,0
9919-T,関西スパ,東証2部,810.00,814.00,810.00,814.00,4600,3726400
9919-O,関西スパ,大証2部,805.00,820.00,805.00,820.00,13100,10609700
9922-T,日立材,東証2部,379.00,379.00,378.00,378.00,15500,5872500
9927-J,ワットマン,JQ,104.00,107.00,103.00,105.00,8000,837000
9928-T,ミロク情報,東証2部,211.00,212.00,211.00,212.00,4500,951500
9929-O,平和紙,大証2部,,,,,0,0
9930-T,北沢産,東証1部,190.00,190.00,189.00,189.00,2000,378500
9931-J,家族亭,JQ,500.00,500.00,489.00,489.00,2700,1330100
9932-T,杉本商,東証1部,902.00,910.00,902.00,909.00,5200,4697500
9932-O,杉本商,大証1部,,,,,0,0
9934-T,因幡電産,東証1部,2315.00,2335.00,2300.00,2310.00,26500,61430000
9934-O,因幡電産,大証1部,,,,,0,0
9936-O,王将フード,大証1部,1989.00,1991.00,1981.00,1991.00,18300,36349300
9937-T,セシール,東証1部,192.00,197.00,184.00,186.00,395400,75413700
9938-T,住金物,東証1部,232.00,232.00,232.00,232.00,2000,464000
9938-O,住金物,大証1部,232.00,232.00,229.00,229.00,19000,4377000
9939-J,すみや,JQ,173.00,194.00,152.00,154.00,1011000,173293000
9941-J,太洋物,JQ,,,,,0,0
9942-F,ジョイフル,福証,575.00,575.00,569.00,571.00,3000,1711600
9943-J,ココス,JQ,2125.00,2140.00,2125.00,2135.00,2500,5328000
9945-T,プレナス,東証1部,1414.00,1420.00,1408.00,1415.00,33800,47805100
9946-T,ミニストップ,東証1部,1548.00,1553.00,1548.00,1551.00,7200,11162300
9947-T,イマージュ,東証1部,175.00,176.00,174.00,175.00,48300,8449300
9947-O,イマージュ,大証1部,,,,,0,0
9948-T,アークス,東証1部,1480.00,1489.00,1420.00,1451.00,47000,68467500
9949-O,タイヨー,大証2部,1560.00,1560.00,1560.00,1560.00,7000,10920000
9949-F,タイヨー,福証,,,,,0,0
9950-J,ハチバン,JQ,315.00,315.00,315.00,315.00,4000,1260000
9955-J,ヨンキュウ,JQ,398.00,399.00,391.00,399.00,6800,2682700
9956-T,バロー,東証1部,753.00,765.00,752.00,761.00,45600,34620100
9957-T,バイテック,東証2部,523.00,533.00,523.00,533.00,400,212200
9959-T,アシードHD,東証2部,663.00,663.00,663.00,663.00,1300,861900
9960-J,東テク,JQ,,,,,0,0
9961-T,エムオーテック,東証2部,297.00,297.00,297.00,297.00,20000,5940000
9962-T,ミスミG,東証1部,1418.00,1419.00,1390.00,1391.00,107900,151754800
9963-T,江守商事,東証1部,665.00,669.00,662.00,662.00,7200,4788900
9964-J,アイ･テック,JQ,941.00,942.00,941.00,942.00,200,188300
9966-T,藤久,東証2部,,,,,0,0
9967-O,堺商事,大証2部,,,,,0,0
9969-T,ショクブン,東証2部,,,,,0,0
9972-T,アルテック,東証1部,221.00,230.00,213.00,218.00,245300,54607500
9973-J,小僧本部,JQ,220.00,220.00,202.00,212.00,13500,2900000
9974-T,ベルク,東証1部,860.00,860.00,845.00,845.00,42700,36465800
9975-T,マルヤ,東証2部,103.00,104.00,103.00,103.00,4100,424500
9976-J,セキチュー,JQ,,,,,0,0
9977-J,アオキスーパー,JQ,,,,,0,0
9978-J,文教堂HD,JQ,342.00,343.00,342.00,343.00,500,171200
9979-T,大庄,東証1部,1328.00,1328.00,1316.00,1319.00,2900,3830100
9980-O,マルコ,大証2部,143.00,145.00,142.00,142.00,5200,744200
9982-T,タキヒヨー,東証1部,489.00,489.00,483.00,483.00,29000,14139000
9983-T,ファーストリテイ,東証1部,11850.00,12000.00,11680.00,11760.00,266100,3151219000
9984-T,ソフトバンク,東証1部,1826.00,1867.00,1822.00,1846.00,1812000,3341773100
9986-T,蔵王産業,東証2部,701.00,701.00,700.00,700.00,600,420100
9987-T,スズケン,東証1部,2815.00,2835.00,2800.00,2815.00,48800,137565000
9987-S,スズケン,札証,,,,,0,0
9989-T,サンドラッグ,東証1部,2100.00,2145.00,2085.00,2115.00,62400,132113000
9990-T,東京デリカ,東証2部,348.00,350.00,347.00,350.00,3700,1288500
9991-T,ジェコス,東証1部,458.00,458.00,454.00,454.00,7400,3386500
9992-J,理研グリン,JQ,,,,,0,0
9993-T,ヤマザワ,東証1部,1235.00,1236.00,1221.00,1235.00,1400,1726900
9994-T,やまや,東証1部,810.00,832.00,782.00,795.00,15800,12820200
9995-J,イーストン,JQ,,,,,0,0
9996-J,サトー商会,JQ,969.00,969.00,969.00,969.00,100,96900
9997-T,ベルーナ,東証1部,391.00,399.00,382.00,383.00,117500,46056750
